2 0 0.131538 0.45865 0.331538 0.65865 
2 1 0.17533 0.645589 0.281374 0.652373 
2 2 0.138452 0.46019 0.24073 0.473455 
2 3 0.268892 0.564036 0.32718 0.625906 
2 4 0.271776 0.468143 0.317326 0.530674 
2 5 0.28282 0.65516 0.300618 0.657789 
2 6 0.146075 0.545932 0.310155 0.599781 
2 7 0.186519 0.638181 0.210666 0.639421 
2 8 0.232442 0.557445 0.264057 0.566628 
2 9 0.146288 0.641414 0.21745 0.649419 
2 10 0.141555 0.483723 0.287881 0.604153 
2 11 0.257446 0.636365 0.311193 0.643191 
2 12 0.234193 0.626952 0.316545 0.640119 
2 13 0.225121 0.572981 0.244098 0.575813 
2 14 0.231234 0.636798 0.306291 0.655198 
2 15 0.174088 0.513568 0.194624 0.573674 
2 16 0.273502 0.522158 0.287425 0.611159 
2 17 0.267807 0.488157 0.292517 0.632322 
2 18 0.32262 0.540403 0.323941 0.607201 
2 19 0.229241 0.498602 0.327558 0.599315 
2 20 0.261789 0.553936 0.317802 0.57522 
2 21 0.311872 0.540713 0.314665 0.645164 
2 22 0.163977 0.485672 0.225194 0.56443 
2 23 0.221998 0.5017 0.324053 0.644355 
2 24 0.30371 0.622162 0.31779 0.639029 
2 25 0.258086 0.599091 0.318661 0.655935 
2 26 0.189401 0.541456 0.262521 0.644184 
2 27 0.277487 0.599957 0.316168 0.601078 
2 28 0.236535 0.556439 0.242729 0.626152 
2 29 0.314865 0.486489 0.329704 0.656819 
2 30 0.220742 0.546595 0.277764 0.636984 
2 31 0.173842 0.58192 0.198064 0.581988 
2 32 0.277005 0.594763 0.299785 0.648199 
2 33 0.297279 0.584564 0.30008 0.600385 
2 34 0.209302 0.512493 0.325126 0.554007 
2 35 0.288311 0.460913 0.300508 0.655335 
2 36 0.295483 0.494026 0.309838 0.519993 
2 37 0.182972 0.585594 0.198071 0.643657 
2 38 0.282126 0.578293 0.313425 0.603909 
2 39 0.155025 0.576248 0.247893 0.634176 
2 40 0.163875 0.570017 0.308103 0.598026 
2 41 0.237247 0.54482 0.292701 0.586963 
2 42 0.220911 0.474303 0.263816 0.521113 
2 43 0.266785 0.647601 0.313964 0.657989 
2 44 0.223625 0.579778 0.294994 0.59164 
2 45 0.200301 0.46164 0.268913 0.588313 
2 46 0.315107 0.627445 0.331046 0.641667 
2 47 0.135955 0.545978 0.274222 0.630675 
2 48 0.270674 0.459501 0.316557 0.475416 
2 49 0.312198 0.459918 0.326639 0.562957 
2 50 0.240342 0.584022 0.260025 0.636957 
2 51 0.187596 0.520684 0.241129 0.535004 
2 52 0.286714 0.490705 0.289192 0.540588 
2 53 0.227099 0.488712 0.281406 0.630386 
2 54 0.247093 0.656027 0.275059 0.656031 
2 55 0.137409 0.606442 0.232464 0.634439 
2 56 0.156039 0.581475 0.189081 0.591194 
2 57 0.322343 0.510453 0.330049 0.573338 
2 58 0.311121 0.54902 0.32665 0.621979 
2 59 0.17345 0.493845 0.25992 0.565026 
2 60 0.269021 0.653319 0.321298 0.653748 
2 61 0.285425 0.612473 0.296961 0.647071 
2 62 0.267871 0.502984 0.270186 0.604575 
2 63 0.205831 0.491836 0.235208 0.518486 
2 64 0.263936 0.582859 0.328101 0.584219 
2 65 0.275912 0.562485 0.278899 0.56877 
2 66 0.326974 0.607305 0.328476 0.616104 
2 67 0.319483 0.48342 0.322556 0.511471 
2 68 0.152575 0.524096 0.218534 0.601703 
2 69 0.283187 0.645698 0.317022 0.650388 
2 70 0.222552 0.542966 0.248757 0.576487 
2 71 0.174815 0.631379 0.257477 0.650784 
2 72 0.208102 0.617721 0.264853 0.617853 
2 73 0.264476 0.485458 0.277004 0.649305 
2 74 0.252738 0.560582 0.28012 0.642404 
2 75 0.197425 0.466934 0.282152 0.613993 
2 76 0.235398 0.476449 0.256599 0.605167 
2 77 0.183893 0.505172 0.239757 0.57723 
2 78 0.326985 0.464978 0.327141 0.579552 
2 79 0.197454 0.539366 0.269394 0.654703 
2 80 0.305041 0.586555 0.308973 0.653742 
2 81 0.294619 0.6477 0.315766 0.649402 
2 82 0.20026 0.463131 0.212934 0.630667 
2 83 0.266443 0.497047 0.311909 0.552941 
2 84 0.15968 0.575853 0.197773 0.578034 
2 85 0.284007 0.643751 0.287682 0.650164 
2 86 0.297789 0.562517 0.318094 0.578035 
2 87 0.24641 0.59206 0.291649 0.6286 
2 88 0.265131 0.546913 0.303088 0.603036 
2 89 0.137869 0.465662 0.238976 0.486347 
2 90 0.241904 0.613056 0.29668 0.635246 
2 91 0.270937 0.60074 0.30044 0.616761 
2 92 0.187559 0.505731 0.263938 0.597096 
2 93 0.315588 0.504704 0.328686 0.643182 
2 94 0.261841 0.630403 0.327073 0.657306 
2 95 0.156128 0.480198 0.279348 0.498019 
2 96 0.200453 0.524802 0.299766 0.601521 
2 97 0.172034 0.557018 0.327446 0.638823 
2 98 0.163454 0.534772 0.188541 0.587313 
2 99 0.261797 0.638182 0.265991 0.656628 
2 100 0.165697 0.563093 0.170905 0.589581 
2 101 0.24891 0.646624 0.315995 0.653598 
2 102 0.307695 0.602434 0.312214 0.60653 
2 103 0.30735 0.542009 0.309523 0.620706 
2 104 0.294147 0.637955 0.322914 0.648023 
2 105 0.207035 0.474014 0.29264 0.562204 
2 106 0.179142 0.59489 0.327862 0.617997 
2 107 0.290393 0.555425 0.293418 0.607002 
2 108 0.318106 0.474715 0.32007 0.549793 
2 109 0.32417 0.497912 0.325629 0.590445 
2 110 0.248673 0.578677 0.279184 0.590576 
2 111 0.330618 0.622556 0.330988 0.636064 
2 112 0.227494 0.618457 0.294758 0.632833 
2 113 0.198399 0.592021 0.217691 0.612989 
2 114 0.251988 0.561956 0.32524 0.587496 
2 115 0.298267 0.550259 0.319381 0.567154 
2 116 0.264732 0.516381 0.317835 0.561994 
2 117 0.275369 0.533322 0.288394 0.542578 
2 118 0.244774 0.517259 0.281436 0.56781 
2 119 0.249422 0.647541 0.287446 0.648101 
2 120 0.250723 0.479566 0.320561 0.628811 
2 121 0.263257 0.497586 0.264548 0.581834 
2 122 0.275497 0.590628 0.322408 0.634368 
2 123 0.238513 0.547124 0.2686 0.57798 
2 124 0.154985 0.525236 0.302649 0.59674 
2 125 0.317516 0.577995 0.320926 0.597915 
2 126 0.170773 0.583299 0.305172 0.633908 
2 127 0.305795 0.593863 0.308771 0.623312 
2 128 0.137992 0.590935 0.30349 0.594995 
2 129 0.187436 0.638099 0.212859 0.65031 
2 130 0.269724 0.545551 0.304917 0.568528 
2 131 0.186026 0.55404 0.221575 0.654616 
2 132 0.17502 0.650661 0.297491 0.655242 
2 133 0.157346 0.559662 0.244765 0.571382 
2 134 0.265319 0.624869 0.290926 0.62904 
2 135 0.261153 0.479763 0.320888 0.544335 
2 136 0.275379 0.490081 0.308005 0.518588 
2 137 0.265808 0.52702 0.324078 0.619113 
2 138 0.289934 0.492642 0.301676 0.504791 
2 139 0.281572 0.613291 0.289796 0.632973 
2 140 0.317402 0.617206 0.321166 0.626072 
2 141 0.207663 0.581963 0.322684 0.609289 
2 142 0.171118 0.4623 0.298033 0.484788 
2 143 0.262464 0.524908 0.288878 0.647198 
2 144 0.210228 0.484572 0.311103 0.648566 
2 145 0.20195 0.62749 0.27606 0.652958 
2 146 0.218613 0.642474 0.258041 0.654518 
2 147 0.286821 0.521572 0.31419 0.538833 
2 148 0.158196 0.608755 0.180043 0.631653 
2 149 0.178473 0.629497 0.283161 0.633001 
2 150 0.320376 0.486886 0.321049 0.52596 
2 151 0.251377 0.621111 0.255683 0.622306 
2 152 0.326431 0.506294 0.329858 0.596139 
2 153 0.17709 0.645251 0.246254 0.652132 
2 154 0.30344 0.583451 0.320565 0.631909 
2 155 0.136738 0.570715 0.177207 0.581328 
2 156 0.159081 0.63597 0.252656 0.644194 
2 157 0.19138 0.65271 0.319344 0.657449 
2 158 0.221282 0.552292 0.297791 0.595001 
2 159 0.22498 0.638504 0.280134 0.641264 
2 160 0.269365 0.464901 0.294811 0.502226 
2 161 0.186512 0.603109 0.245773 0.638263 
2 162 0.131593 0.557092 0.20086 0.589443 
2 163 0.159138 0.469877 0.225842 0.614389 
2 164 0.323922 0.528607 0.331531 0.554485 
2 165 0.240103 0.561402 0.258538 0.620531 
2 166 0.291228 0.563407 0.29714 0.617851 
2 167 0.26728 0.525065 0.321555 0.624462 
2 168 0.212095 0.58155 0.27844 0.628884 
2 169 0.13947 0.492929 0.205444 0.563169 
2 170 0.277612 0.475971 0.29733 0.552361 
2 171 0.19659 0.565022 0.272698 0.570662 
2 172 0.153564 0.484098 0.251363 0.494457 
2 173 0.315133 0.568511 0.329217 0.644798 
2 174 0.264407 0.490519 0.329738 0.538156 
2 175 0.251129 0.648529 0.256186 0.651385 
2 176 0.217703 0.610489 0.240314 0.642889 
2 177 0.268211 0.642837 0.27888 0.642898 
2 178 0.167168 0.562147 0.277012 0.607211 
2 179 0.150267 0.589059 0.230954 0.650463 
2 180 0.17232 0.480467 0.17488 0.580451 
2 181 0.180637 0.63592 0.18517 0.648363 
2 182 0.228947 0.568431 0.325034 0.636397 
2 183 0.16603 0.652058 0.228993 0.654045 
2 184 0.309628 0.626561 0.315114 0.649296 
2 185 0.236798 0.615076 0.24547 0.628491 
2 186 0.282863 0.489497 0.314275 0.566495 
2 187 0.164023 0.492107 0.232546 0.656224 
2 188 0.198252 0.52308 0.245479 0.610031 
2 189 0.139074 0.556875 0.154128 0.582595 
2 190 0.263261 0.478824 0.263374 0.650651 
2 191 0.164619 0.650841 0.184055 0.652562 
2 192 0.18245 0.568496 0.21868 0.645276 
2 193 0.24306 0.61059 0.322867 0.658568 
2 194 0.206546 0.611913 0.29973 0.641903 
2 195 0.152031 0.644845 0.30701 0.648865 
2 196 0.326618 0.496575 0.330705 0.620596 
2 197 0.138006 0.49728 0.210665 0.593609 
2 198 0.241433 0.60033 0.311443 0.65186 
2 199 0.33047 0.608337 0.331004 0.643038 
2 200 0.165783 0.640821 0.212663 0.64794 
2 201 0.218959 0.678865 0.418959 0.878865 
2 202 0.405898 0.685779 0.412682 0.788057 
2 203 0.220499 0.816219 0.233764 0.874507 
2 204 0.324345 0.819103 0.386215 0.864653 
2 205 0.228452 0.830147 0.290983 0.847945 
2 206 0.415469 0.693402 0.418098 0.857482 
2 207 0.306241 0.733846 0.36009 0.757993 
2 208 0.39849 0.779769 0.39973 0.811384 
2 209 0.317755 0.693615 0.326937 0.764777 
2 210 0.401723 0.688882 0.409728 0.835207 
2 211 0.244032 0.804773 0.364462 0.85852 
2 212 0.396674 0.781519 0.4035 0.863872 
2 213 0.387261 0.772448 0.400428 0.791425 
2 214 0.33329 0.778561 0.336122 0.853617 
2 215 0.397107 0.721415 0.415507 0.741951 
2 216 0.273877 0.820829 0.333983 0.834752 
2 217 0.282467 0.815134 0.371468 0.839844 
2 218 0.248466 0.869946 0.392631 0.871268 
2 219 0.300713 0.776568 0.36751 0.874885 
2 220 0.258911 0.809115 0.359624 0.865129 
2 221 0.314246 0.859199 0.335529 0.861992 
2 222 0.301022 0.711304 0.405473 0.772521 
2 223 0.245981 0.769325 0.324739 0.87138 
2 224 0.262009 0.851037 0.404664 0.865116 
2 225 0.382471 0.805412 0.399338 0.865988 
2 226 0.359401 0.736728 0.416244 0.809848 
2 227 0.301765 0.824814 0.404493 0.863495 
2 228 0.360266 0.783862 0.361387 0.790056 
2 229 0.316748 0.862191 0.386461 0.877031 
2 230 0.246798 0.768069 0.417128 0.825091 
2 231 0.306904 0.721169 0.397293 0.745391 
2 232 0.342229 0.824332 0.342297 0.847111 
2 233 0.355072 0.844606 0.408508 0.847407 
2 234 0.344874 0.756629 0.360694 0.872453 
2 235 0.272802 0.835638 0.314316 0.847834 
2 236 0.221222 0.84281 0.415644 0.857165 
2 237 0.254335 0.730298 0.280302 0.745398 
2 238 0.345903 0.829453 0.403966 0.860752 
2 239 0.338603 0.702352 0.364218 0.795219 
2 240 0.336557 0.711202 0.394485 0.85543 
2 241 0.330326 0.784574 0.358335 0.840028 
2 242 0.305129 0.768238 0.347272 0.811142 
2 243 0.234612 0.814112 0.281422 0.861291 
2 244 0.40791 0.770952 0.418298 0.842321 
2 245 0.340087 0.747628 0.351949 0.81624 
2 246 0.221949 0.862434 0.348622 0.878373 
2 247 0.387754 0.683281 0.401976 0.821549 
2 248 0.306287 0.818001 0.390984 0.863884 
2 249 0.21981 0.859525 0.235725 0.873966 
2 250 0.220228 0.787669 0.323266 0.807352 
2 251 0.344331 0.734923 0.397266 0.788456 
2 252 0.280993 0.834041 0.295313 0.836519 
2 253 0.251014 0.774426 0.300897 0.828733 
2 254 0.249021 0.79442 0.390696 0.822386 
2 255 0.416336 0.684736 0.41634 0.779791 
2 256 0.366751 0.703366 0.394748 0.736408 
2 257 0.341784 0.86967 0.351503 0.877376 
2 258 0.270762 0.858448 0.333647 0.873977 
2 259 0.309329 0.720777 0.382288 0.807247 
2 260 0.254154 0.816348 0.325335 0.868625 
2 261 0.413628 0.832752 0.414057 0.844287 
2 262 0.372782 0.815198 0.40738 0.817513 
2 263 0.263293 0.753158 0.364884 0.782534 
2 264 0.252145 0.811263 0.278795 0.875428 
2 265 0.343168 0.823239 0.344528 0.826226 
2 266 0.322794 0.874301 0.329079 0.875803 
2 267 0.367614 0.86681 0.376413 0.869883 
2 268 0.243729 0.699902 0.27178 0.765861 
2 269 0.284405 0.830514 0.362012 0.864349 
2 270 0.406008 0.769879 0.410697 0.796084 
2 271 0.303275 0.722142 0.336796 0.804804 
2 272 0.391688 0.755429 0.411093 0.81218 
2 273 0.37803 0.811802 0.378162 0.824331 
2 274 0.245767 0.800065 0.409615 0.827447 
2 275 0.320891 0.744752 0.402713 0.829479 
2 276 0.227243 0.782725 0.374302 0.803926 
2 277 0.236758 0.73122 0.365476 0.787084 
2 278 0.265481 0.874312 0.337539 0.874468 
2 279 0.225287 0.74478 0.339861 0.81672 
2 280 0.299675 0.852368 0.415012 0.856299 
2 281 0.346864 0.841946 0.414051 0.863093 
2 282 0.408009 0.747587 0.409711 0.760261 
2 283 0.22344 0.81377 0.390976 0.859236 
2 284 0.257356 0.707007 0.31325 0.7451 
2 285 0.336162 0.831333 0.338343 0.835009 
2 286 0.40406 0.845116 0.410473 0.86542 
2 287 0.322827 0.793737 0.338344 0.838976 
2 288 0.352369 0.812458 0.388909 0.850415 
2 289 0.307222 0.685196 0.363345 0.786303 
2 290 0.225971 0.789231 0.246656 0.844007 
2 291 0.373365 0.818264 0.395555 0.847767 
2 292 0.361049 0.734885 0.37707 0.811265 
2 293 0.26604 0.862915 0.357405 0.876013 
2 294 0.265013 0.809168 0.403491 0.8744 
2 295 0.390712 0.703455 0.417616 0.826675 
2 296 0.240507 0.74778 0.258328 0.847093 
2 297 0.285111 0.719361 0.36183 0.874773 
2 298 0.317327 0.710781 0.399132 0.735867 
2 299 0.295081 0.809124 0.347622 0.813318 
2 300 0.398491 0.713024 0.416937 0.718232 
2 301 0.323402 0.796237 0.34989 0.863322 
2 302 0.406933 0.855022 0.413907 0.859541 
2 303 0.362743 0.854677 0.366839 0.85685 
2 304 0.302318 0.841474 0.381015 0.870241 
2 305 0.398264 0.754362 0.408332 0.839967 
2 306 0.234324 0.726469 0.322513 0.875189 
2 307 0.355199 0.83772 0.378306 0.840745 
2 308 0.315734 0.865433 0.367311 0.867397 
2 309 0.235024 0.871497 0.310102 0.872956 
2 310 0.258221 0.796 0.350754 0.826511 
2 311 0.338986 0.877945 0.350885 0.878315 
2 312 0.382865 0.77482 0.396373 0.842085 
2 313 0.378766 0.745726 0.393142 0.765018 
2 314 0.35233 0.799315 0.373298 0.872567 
2 315 0.322265 0.845594 0.347806 0.866708 
2 316 0.310568 0.812059 0.327464 0.865162 
2 317 0.27669 0.822696 0.322303 0.835721 
2 318 0.293631 0.792101 0.302887 0.828763 
2 319 0.277568 0.796749 0.328119 0.834773 
2 320 0.40785 0.79805 0.40841 0.867888 
2 321 0.239875 0.810583 0.38912 0.811875 
2 322 0.257895 0.822824 0.342143 0.869735 
2 323 0.350937 0.78584 0.394677 0.815927 
2 324 0.307433 0.702312 0.338289 0.849976 
2 325 0.285545 0.864843 0.357049 0.868253 
2 326 0.338304 0.7181 0.358224 0.852499 
2 327 0.343608 0.853121 0.394217 0.856098 
2 328 0.354172 0.685319 0.383621 0.850816 
2 329 0.351244 0.734763 0.355304 0.760186 
2 330 0.398408 0.817051 0.410619 0.852244 
2 331 0.30586 0.733353 0.328837 0.768902 
2 332 0.31435 0.722347 0.414925 0.844818 
2 333 0.41097 0.704673 0.415551 0.792092 
2 334 0.319971 0.812646 0.331691 0.838253 
2 335 0.385179 0.80848 0.389349 0.868215 
2 336 0.240072 0.822706 0.304644 0.855332 
2 337 0.25039 0.813135 0.278897 0.871405 
2 338 0.287329 0.837261 0.379423 0.849003 
2 339 0.252951 0.828899 0.2651 0.837123 
2 340 0.3736 0.864729 0.393282 0.868493 
2 341 0.377515 0.75499 0.386381 0.870011 
2 342 0.342272 0.718445 0.369598 0.845359 
2 343 0.222609 0.80979 0.245097 0.836205 
2 344 0.285218 0.757555 0.407507 0.85843 
2 345 0.244881 0.749277 0.408875 0.823387 
2 346 0.387799 0.76594 0.413267 0.805368 
2 347 0.402783 0.834148 0.414827 0.861517 
2 348 0.281881 0.705523 0.299142 0.72737 
2 349 0.369064 0.7258 0.391962 0.830488 
2 350 0.389806 0.867703 0.39331 0.868376 
2 351 0.247195 0.798704 0.286269 0.80301 
2 352 0.38142 0.873758 0.382615 0.877185 
2 353 0.266603 0.724417 0.356449 0.793581 
2 354 0.40556 0.850767 0.412441 0.867892 
2 355 0.34376 0.684065 0.392218 0.724534 
2 356 0.331024 0.706408 0.341637 0.799983 
2 357 0.396279 0.738707 0.404503 0.866671 
2 358 0.413019 0.768609 0.417759 0.845118 
2 359 0.312601 0.772306 0.35531 0.827461 
2 360 0.398813 0.816692 0.401573 0.842138 
2 361 0.22521 0.733838 0.262535 0.7931 
2 362 0.363418 0.67892 0.398572 0.748187 
2 363 0.317401 0.706465 0.349752 0.773169 
2 364 0.230186 0.871249 0.374698 0.878858 
2 365 0.288916 0.78743 0.314794 0.805864 
2 366 0.321711 0.838555 0.38084 0.844467 
2 367 0.323716 0.814607 0.37816 0.868882 
2 368 0.285374 0.759421 0.384771 0.825767 
2 369 0.341859 0.686797 0.389193 0.75277 
2 370 0.253238 0.824939 0.323478 0.844657 
2 371 0.23628 0.743917 0.31267 0.820025 
2 372 0.325331 0.700891 0.330971 0.79869 
2 373 0.244407 0.86246 0.254766 0.876544 
2 374 0.32882 0.811734 0.405107 0.877065 
2 375 0.250829 0.798456 0.298465 0.803513 
2 376 0.408838 0.76503 0.411695 0.787641 
2 377 0.370798 0.815538 0.403198 0.826207 
2 378 0.403146 0.714495 0.403207 0.824339 
2 379 0.322456 0.697593 0.36752 0.778281 
2 380 0.349368 0.719647 0.410772 0.722207 
2 381 0.240776 0.727964 0.34076 0.732497 
2 382 0.39623 0.776274 0.408672 0.872361 
2 383 0.32874 0.713356 0.396706 0.77632 
2 384 0.412367 0.856955 0.414354 0.86244 
2 385 0.38687 0.784125 0.409605 0.792797 
2 386 0.375385 0.83019 0.3888 0.861602 
2 387 0.249806 0.71135 0.326804 0.779873 
2 388 0.252416 0.745579 0.416533 0.792805 
2 389 0.283389 0.686401 0.370341 0.701455 
2 390 0.317184 0.810588 0.342904 0.810701 
2 391 0.239133 0.711946 0.41096 0.731382 
2 392 0.41115 0.729777 0.412871 0.766007 
2 393 0.328805 0.790387 0.405585 0.870194 
2 394 0.370899 0.753873 0.418877 0.847057 
2 395 0.372222 0.699358 0.402212 0.854337 
2 396 0.405154 0.873945 0.409174 0.878032 
2 397 0.256884 0.685332 0.380905 0.757992 
2 398 0.257589 0.78876 0.353918 0.85877 
2 399 0.360639 0.877797 0.412169 0.878331 
2 400 0.368646 0.71311 0.403347 0.75999 
2 401 0.40113 0.859363 0.408249 0.870057 
2 402 0.934693 0.519416 1.13469 0.719416 
2 403 0.941607 0.520956 1.04388 0.534222 
2 404 1.07205 0.624802 1.13034 0.686672 
2 405 1.07493 0.528909 1.12048 0.59144 
2 406 1.08597 0.715926 1.10377 0.718556 
2 407 0.94923 0.606699 1.11331 0.660547 
2 408 0.989674 0.698948 1.01382 0.700187 
2 409 1.0356 0.618212 1.06721 0.627394 
2 410 0.949443 0.70218 1.02061 0.710185 
2 411 0.94471 0.544489 1.09104 0.664919 
2 412 1.0606 0.697131 1.11435 0.703957 
2 413 1.03735 0.687718 1.1197 0.700886 
2 414 1.02828 0.633747 1.04725 0.636579 
2 415 1.03439 0.697564 1.10945 0.715965 
2 416 0.977243 0.574334 0.997779 0.634441 
2 417 1.07666 0.582924 1.09058 0.671925 
2 418 1.07096 0.548923 1.09567 0.693088 
2 419 1.12577 0.60117 1.1271 0.667967 
2 420 1.0324 0.559368 1.13071 0.660081 
2 421 1.06494 0.614703 1.12096 0.635986 
2 422 1.11503 0.601479 1.11782 0.70593 
2 423 0.967133 0.546438 1.02835 0.625196 
2 424 1.02515 0.562466 1.12721 0.705122 
2 425 1.10686 0.682929 1.12094 0.699795 
2 426 1.06124 0.659858 1.12182 0.716701 
2 427 0.992556 0.602222 1.06568 0.704951 
2 428 1.08064 0.660723 1.11932 0.661844 
2 429 1.03969 0.617205 1.04588 0.686918 
2 430 1.11802 0.547255 1.13286 0.717585 
2 431 1.0239 0.607361 1.08092 0.697751 
2 432 0.976997 0.642686 1.00122 0.642754 
2 433 1.08016 0.655529 1.10294 0.708966 
2 434 1.10043 0.645331 1.10323 0.661151 
2 435 1.01246 0.573259 1.12828 0.614773 
2 436 1.09147 0.52168 1.10366 0.716101 
2 437 1.09864 0.554792 1.11299 0.580759 
2 438 0.986127 0.64636 1.00123 0.704423 
2 439 1.08528 0.63906 1.11658 0.664676 
2 440 0.95818 0.637014 1.05105 0.694942 
2 441 0.96703 0.630784 1.11126 0.658792 
2 442 1.0404 0.605586 1.09586 0.647729 
2 443 1.02407 0.535069 1.06697 0.581879 
2 444 1.06994 0.708367 1.11712 0.718755 
2 445 1.02678 0.640544 1.09815 0.652406 
2 446 1.00346 0.522406 1.07207 0.64908 
2 447 1.11826 0.688211 1.1342 0.702433 
2 448 0.93911 0.606744 1.07738 0.691441 
2 449 1.07383 0.520267 1.11971 0.536183 
2 450 1.11535 0.520685 1.12979 0.623723 
2 451 1.0435 0.644789 1.06318 0.697724 
2 452 0.990751 0.58145 1.04428 0.595771 
2 453 1.08987 0.551471 1.09235 0.601355 
2 454 1.03025 0.549479 1.08456 0.691153 
2 455 1.05025 0.716793 1.07821 0.716797 
2 456 0.940564 0.667208 1.03562 0.695206 
2 457 0.959194 0.642241 0.992236 0.65196 
2 458 1.1255 0.571219 1.1332 0.634105 
2 459 1.11428 0.609787 1.12981 0.682746 
2 460 0.976605 0.554611 1.06308 0.625792 
2 461 1.07218 0.714086 1.12445 0.714514 
2 462 1.08858 0.673239 1.10012 0.707838 
2 463 1.07103 0.56375 1.07334 0.665341 
2 464 1.00899 0.552602 1.03836 0.579252 
2 465 1.06709 0.643625 1.13126 0.644986 
2 466 1.07907 0.623251 1.08205 0.629536 
2 467 1.13013 0.668071 1.13163 0.676871 
2 468 1.12264 0.544186 1.12571 0.572238 
2 469 0.95573 0.584862 1.02169 0.66247 
2 470 1.08634 0.706465 1.12018 0.711154 
2 471 1.02571 0.603732 1.05191 0.637254 
2 472 0.97797 0.692145 1.06063 0.71155 
2 473 1.01126 0.678487 1.06801 0.678619 
2 474 1.06763 0.546224 1.08016 0.710072 
2 475 1.05589 0.621348 1.08328 0.70317 
2 476 1.00058 0.5277 1.08531 0.674759 
2 477 1.03855 0.537215 1.05975 0.665933 
2 478 0.987049 0.565938 1.04291 0.637996 
2 479 1.13014 0.525744 1.1303 0.640318 
2 480 1.00061 0.600133 1.07255 0.715469 
2 481 1.1082 0.647321 1.11213 0.714508 
2 482 1.09777 0.708466 1.11892 0.710168 
2 483 1.00342 0.523897 1.01609 0.691433 
2 484 1.0696 0.557813 1.11506 0.613707 
2 485 0.962835 0.63662 1.00093 0.6388 
2 486 1.08716 0.704517 1.09084 0.71093 
2 487 1.10094 0.623284 1.12125 0.638801 
2 488 1.04956 0.652826 1.0948 0.689367 
2 489 1.06829 0.607679 1.10624 0.663802 
2 490 0.941024 0.526428 1.04213 0.547113 
2 491 1.04506 0.673822 1.09984 0.696012 
2 492 1.07409 0.661506 1.1036 0.677527 
2 493 0.990714 0.566497 1.06709 0.657863 
2 494 1.11874 0.56547 1.13184 0.703948 
2 495 1.065 0.69117 1.13023 0.718073 
2 496 0.959283 0.540964 1.0825 0.558785 
2 497 1.00361 0.585568 1.10292 0.662288 
2 498 0.975189 0.617785 1.1306 0.699589 
2 499 0.966609 0.595538 0.991696 0.648079 
2 500 1.06495 0.698948 1.06915 0.717394 
2 501 0.968852 0.623859 0.97406 0.650348 
2 502 1.05207 0.707391 1.11915 0.714364 
2 503 1.11085 0.6632 1.11537 0.667297 
2 504 1.1105 0.602776 1.11268 0.681472 
2 505 1.0973 0.698721 1.12607 0.708789 
2 506 1.01019 0.534781 1.0958 0.62297 
2 507 0.982297 0.655656 1.13102 0.678763 
2 508 1.09355 0.616191 1.09657 0.667768 
2 509 1.12126 0.535481 1.12323 0.610559 
2 510 1.12732 0.558678 1.12878 0.651212 
2 511 1.05183 0.639443 1.08234 0.651342 
2 512 1.13377 0.683322 1.13414 0.69683 
2 513 1.03065 0.679223 1.09791 0.693599 
2 514 1.00155 0.652788 1.02085 0.673756 
2 515 1.05514 0.622723 1.12839 0.648263 
2 516 1.10142 0.611026 1.12254 0.627921 
2 517 1.06789 0.577147 1.12099 0.62276 
2 518 1.07852 0.594088 1.09155 0.603344 
2 519 1.04793 0.578025 1.08459 0.628576 
2 520 1.05258 0.708307 1.0906 0.708868 
2 521 1.05388 0.540332 1.12372 0.689577 
2 522 1.06641 0.558352 1.0677 0.6426 
2 523 1.07865 0.651394 1.12556 0.695134 
2 524 1.04167 0.60789 1.07176 0.638746 
2 525 0.95814 0.586002 1.1058 0.657506 
2 526 1.12067 0.638761 1.12408 0.658681 
2 527 0.973928 0.644065 1.10833 0.694675 
2 528 1.10895 0.654629 1.11193 0.684078 
2 529 0.941147 0.651701 1.10664 0.655762 
2 530 0.990592 0.698865 1.01601 0.711076 
2 531 1.07288 0.606317 1.10807 0.629294 
2 532 0.989181 0.614807 1.02473 0.715382 
2 533 0.978175 0.711427 1.10065 0.716008 
2 534 0.960501 0.620428 1.04792 0.632148 
2 535 1.06847 0.685636 1.09408 0.689806 
2 536 1.06431 0.540529 1.12404 0.605101 
2 537 1.07853 0.550847 1.11116 0.579354 
2 538 1.06896 0.587786 1.12723 0.67988 
2 539 1.09309 0.553409 1.10483 0.565558 
2 540 1.08473 0.674057 1.09295 0.69374 
2 541 1.12056 0.677972 1.12432 0.686838 
2 542 1.01082 0.642729 1.12584 0.670055 
2 543 0.974273 0.523067 1.10119 0.545554 
2 544 1.06562 0.585675 1.09203 0.707964 
2 545 1.01338 0.545338 1.11426 0.709332 
2 546 1.0051 0.688257 1.07922 0.713724 
2 547 1.02177 0.70324 1.0612 0.715285 
2 548 1.08998 0.582338 1.11735 0.599599 
2 549 0.961352 0.669521 0.983198 0.692419 
2 550 0.981628 0.690264 1.08632 0.693767 
2 551 1.12353 0.547652 1.1242 0.586727 
2 552 1.05453 0.681877 1.05884 0.683073 
2 553 1.12959 0.56706 1.13301 0.656906 
2 554 0.980245 0.706017 1.04941 0.712898 
2 555 1.1066 0.644217 1.12372 0.692675 
2 556 0.939893 0.631481 0.980363 0.642094 
2 557 0.962236 0.696736 1.05581 0.70496 
2 558 0.994535 0.713476 1.1225 0.718216 
2 559 1.02444 0.613058 1.10095 0.655767 
2 560 1.02813 0.69927 1.08329 0.70203 
2 561 1.07252 0.525667 1.09797 0.562992 
2 562 0.989667 0.663875 1.04893 0.699029 
2 563 0.934748 0.617858 1.00402 0.650209 
2 564 0.962293 0.530643 1.029 0.675155 
2 565 1.12708 0.589373 1.13469 0.615252 
2 566 1.04326 0.622168 1.06169 0.681297 
2 567 1.09438 0.624173 1.1003 0.678617 
2 568 1.07043 0.585831 1.12471 0.685228 
2 569 1.01525 0.642317 1.08159 0.68965 
2 570 0.942626 0.553695 1.0086 0.623935 
2 571 1.08077 0.536738 1.10048 0.613128 
2 572 0.999745 0.625788 1.07585 0.631429 
2 573 0.956719 0.544864 1.05452 0.555223 
2 574 1.11829 0.629277 1.13237 0.705564 
2 575 1.06756 0.551286 1.13289 0.598923 
2 576 1.05428 0.709295 1.05934 0.712152 
2 577 1.02086 0.671256 1.04347 0.703655 
2 578 1.07137 0.703604 1.08204 0.703664 
2 579 0.970323 0.622913 1.08017 0.667977 
2 580 0.953422 0.649826 1.03411 0.711229 
2 581 0.975476 0.541233 0.978035 0.641218 
2 582 0.983792 0.696687 0.988325 0.709129 
2 583 1.0321 0.629198 1.12819 0.697163 
2 584 0.969185 0.712824 1.03215 0.714811 
2 585 1.11278 0.687328 1.11827 0.710062 
2 586 1.03995 0.675842 1.04862 0.689257 
2 587 1.08602 0.550263 1.11743 0.627261 
2 588 0.967178 0.552873 1.0357 0.71699 
2 589 1.00141 0.583846 1.04863 0.670798 
2 590 0.942229 0.617641 0.957283 0.643361 
2 591 1.06642 0.53959 1.06653 0.711417 
2 592 0.967774 0.711608 0.987211 0.713329 
2 593 0.985605 0.629262 1.02184 0.706042 
2 594 1.04621 0.671356 1.12602 0.719334 
2 595 1.0097 0.672679 1.10289 0.702669 
2 596 0.955187 0.705611 1.11017 0.709631 
2 597 1.12977 0.557341 1.13386 0.681362 
2 598 0.941161 0.558046 1.01382 0.654376 
2 599 1.04459 0.661096 1.1146 0.712626 
2 600 1.13363 0.669103 1.13416 0.703805 
2 601 0.968938 0.701587 1.01582 0.708706 
2 602 1.11519 0.572047 1.12589 0.606802 
2 603 0.0345721 0.5297 0.234572 0.7297 
2 604 0.0361117 0.667055 0.0493773 0.725342 
2 605 0.139958 0.669938 0.201828 0.715489 
2 606 0.044065 0.680982 0.106596 0.698781 
2 607 0.231082 0.544237 0.233711 0.708318 
2 608 0.121854 0.584682 0.175703 0.608828 
2 609 0.214103 0.630605 0.215343 0.662219 
2 610 0.133367 0.54445 0.14255 0.615612 
2 611 0.217336 0.539717 0.225341 0.686043 
2 612 0.0596452 0.655609 0.180075 0.709356 
2 613 0.212287 0.632355 0.219113 0.714707 
2 614 0.202874 0.623284 0.216041 0.642261 
2 615 0.148903 0.629396 0.151735 0.704453 
2 616 0.21272 0.57225 0.23112 0.592786 
2 617 0.0894897 0.671664 0.149596 0.685588 
2 618 0.09808 0.665969 0.187081 0.690679 
2 619 0.0640787 0.720782 0.208244 0.722103 
2 620 0.116325 0.627403 0.183123 0.72572 
2 621 0.0745236 0.659951 0.175237 0.715965 
2 622 0.129858 0.710035 0.151142 0.712828 
2 623 0.116635 0.56214 0.221086 0.623356 
2 624 0.061594 0.62016 0.140352 0.722216 
2 625 0.0776218 0.701872 0.220277 0.715952 
2 626 0.198084 0.656248 0.214951 0.716824 
2 627 0.175013 0.587563 0.231857 0.660684 
2 628 0.117378 0.67565 0.220106 0.714331 
2 629 0.175879 0.634698 0.177 0.640891 
2 630 0.132361 0.713027 0.202074 0.727866 
2 631 0.0624111 0.618905 0.232741 0.675927 
2 632 0.122517 0.572004 0.212906 0.596227 
2 633 0.157842 0.675167 0.15791 0.697947 
2 634 0.170685 0.695442 0.224121 0.698242 
2 635 0.160486 0.607465 0.176307 0.723288 
2 636 0.0884151 0.686473 0.129929 0.69867 
2 637 0.0368354 0.693645 0.231257 0.708 
2 638 0.0699482 0.581134 0.0959145 0.596234 
2 639 0.161516 0.680288 0.219579 0.711587 
2 640 0.154215 0.553188 0.179831 0.646055 
2 641 0.15217 0.562038 0.210098 0.706265 
2 642 0.145939 0.63541 0.173948 0.690864 
2 643 0.120742 0.619073 0.162885 0.661978 
2 644 0.0502248 0.664948 0.0970347 0.712127 
2 645 0.223523 0.621787 0.233911 0.693156 
2 646 0.1557 0.598464 0.167562 0.667075 
2 647 0.0375622 0.71327 0.164235 0.729209 
2 648 0.203367 0.534117 0.217589 0.672385 
2 649 0.1219 0.668836 0.206597 0.714719 
2 650 0.0354229 0.71036 0.0513383 0.724801 
2 651 0.0358404 0.638505 0.138879 0.658187 
2 652 0.159944 0.585758 0.212879 0.639291 
2 653 0.0966059 0.684876 0.110926 0.687354 
2 654 0.0666269 0.625261 0.11651 0.679568 
2 655 0.0646344 0.645255 0.206308 0.673221 
2 656 0.231949 0.535571 0.231953 0.630627 
2 657 0.182364 0.554202 0.210361 0.587244 
2 658 0.157397 0.720506 0.167116 0.728212 
2 659 0.0863749 0.709283 0.14926 0.724813 
2 660 0.124942 0.571613 0.197901 0.658083 
2 661 0.069767 0.667183 0.140948 0.71946 
2 662 0.229241 0.683588 0.22967 0.695123 
2 663 0.188395 0.666033 0.222993 0.668349 
2 664 0.0789056 0.603993 0.180497 0.63337 
2 665 0.0677576 0.662099 0.0944075 0.726263 
2 666 0.158781 0.674075 0.160141 0.677061 
2 667 0.138407 0.725136 0.144692 0.726638 
2 668 0.183227 0.717645 0.192026 0.720719 
2 669 0.0593419 0.550737 0.0873933 0.616696 
2 670 0.100018 0.681349 0.177625 0.715185 
2 671 0.22162 0.620715 0.22631 0.646919 
2 672 0.118888 0.572977 0.152409 0.655639 
2 673 0.207301 0.606264 0.226706 0.663016 
2 674 0.193643 0.662638 0.193775 0.675167 
2 675 0.0613799 0.6509 0.225227 0.678283 
2 676 0.136504 0.595587 0.218326 0.680315 
2 677 0.0428562 0.633561 0.189915 0.654761 
2 678 0.0523706 0.582056 0.181089 0.63792 
2 679 0.0810936 0.725148 0.153152 0.725304 
2 680 0.0408999 0.595616 0.155474 0.667556 
2 681 0.115288 0.703203 0.230625 0.707135 
2 682 0.162477 0.692782 0.229663 0.713929 
2 683 0.223622 0.598423 0.225324 0.611096 
2 684 0.0390531 0.664605 0.206589 0.710071 
2 685 0.0729689 0.557842 0.128863 0.595936 
2 686 0.151775 0.682169 0.153956 0.685844 
2 687 0.219673 0.695951 0.226086 0.716256 
2 688 0.138439 0.644572 0.153957 0.689812 
2 689 0.167982 0.663293 0.204522 0.70125 
2 690 0.122835 0.536032 0.178958 0.637139 
2 691 0.041584 0.640066 0.0622686 0.694842 
2 692 0.188978 0.669099 0.211168 0.698603 
2 693 0.176662 0.585721 0.192683 0.6621 
2 694 0.0816527 0.713751 0.173018 0.726848 
2 695 0.0806261 0.660003 0.219104 0.725235 
2 696 0.206325 0.55429 0.233228 0.677511 
2 697 0.0561199 0.598615 0.0739411 0.697928 
2 698 0.100724 0.570197 0.177443 0.725609 
2 699 0.13294 0.561616 0.214745 0.586703 
2 700 0.110694 0.659959 0.163235 0.664154 
2 701 0.214103 0.563859 0.23255 0.569067 
2 702 0.139015 0.647073 0.165503 0.714158 
2 703 0.222546 0.705857 0.22952 0.710376 
2 704 0.178356 0.705512 0.182452 0.707686 
2 705 0.117931 0.69231 0.196628 0.721076 
2 706 0.213877 0.605197 0.223945 0.690803 
2 707 0.0499365 0.577304 0.138126 0.726025 
2 708 0.170812 0.688556 0.193919 0.69158 
2 709 0.131347 0.716269 0.182924 0.718232 
2 710 0.0506365 0.722332 0.125715 0.723792 
2 711 0.0738336 0.646835 0.166367 0.677346 
2 712 0.154599 0.72878 0.166498 0.729151 
2 713 0.198478 0.625656 0.211986 0.69292 
2 714 0.194379 0.596562 0.208755 0.615853 
2 715 0.167943 0.65015 0.188911 0.723402 
2 716 0.137878 0.69643 0.163418 0.717544 
2 717 0.126181 0.662895 0.143076 0.715997 
2 718 0.092303 0.673531 0.137916 0.686557 
2 719 0.109244 0.642937 0.118499 0.679599 
2 720 0.0931808 0.647584 0.143732 0.685609 
2 721 0.223463 0.648886 0.224023 0.718723 
2 722 0.055488 0.661419 0.204733 0.662711 
2 723 0.0735079 0.673659 0.157756 0.72057 
2 724 0.16655 0.636675 0.21029 0.666762 
2 725 0.123046 0.553148 0.153902 0.700812 
2 726 0.101158 0.715678 0.172662 0.719089 
2 727 0.153917 0.568936 0.173836 0.703334 
2 728 0.159221 0.703957 0.20983 0.706933 
2 729 0.169785 0.536154 0.199234 0.701652 
2 730 0.166857 0.585599 0.170917 0.611021 
2 731 0.214021 0.667887 0.226232 0.70308 
2 732 0.121473 0.584189 0.14445 0.619737 
2 733 0.129962 0.573182 0.230538 0.695654 
2 734 0.226583 0.555509 0.231164 0.642927 
2 735 0.135584 0.663481 0.147304 0.689089 
2 736 0.200791 0.659315 0.204961 0.719051 
2 737 0.0556846 0.673541 0.120257 0.706168 
2 738 0.066003 0.66397 0.0945096 0.722241 
2 739 0.102942 0.688097 0.195035 0.699838 
2 740 0.0685643 0.679734 0.0807134 0.687959 
2 741 0.189213 0.715564 0.208895 0.719329 
2 742 0.193128 0.605826 0.201994 0.720847 
2 743 0.157885 0.56928 0.185211 0.696195 
2 744 0.0382224 0.660626 0.0607102 0.687041 
2 745 0.10083 0.60839 0.22312 0.709266 
2 746 0.060494 0.600112 0.224488 0.674222 
2 747 0.203412 0.616775 0.22888 0.656204 
2 748 0.218396 0.684984 0.23044 0.712353 
2 749 0.0974936 0.556359 0.114755 0.578205 
2 750 0.184677 0.576635 0.207575 0.681323 
2 751 0.205419 0.718539 0.208923 0.719211 
2 752 0.062808 0.649539 0.101882 0.653846 
2 753 0.197033 0.724594 0.198228 0.728021 
2 754 0.0822156 0.575253 0.172061 0.644416 
2 755 0.221173 0.701602 0.228054 0.718727 
2 756 0.159373 0.5349 0.207831 0.57537 
2 757 0.146637 0.557243 0.15725 0.650818 
2 758 0.211892 0.589542 0.220116 0.717507 
2 759 0.228632 0.619444 0.233371 0.695954 
2 760 0.128214 0.623142 0.170923 0.678296 
2 761 0.214426 0.667527 0.217186 0.692973 
2 762 0.0408231 0.584674 0.0781482 0.643935 
2 763 0.179031 0.529755 0.214185 0.599022 
2 764 0.133014 0.557301 0.165365 0.624004 
2 765 0.0457991 0.722084 0.190311 0.729693 
2 766 0.104529 0.638265 0.130407 0.6567 
2 767 0.137324 0.68939 0.196453 0.695303 
2 768 0.139329 0.665442 0.193773 0.719717 
2 769 0.100987 0.610257 0.200384 0.676602 
2 770 0.157472 0.537633 0.204806 0.603606 
2 771 0.0688508 0.675775 0.139091 0.695492 
2 772 0.0518933 0.594753 0.128283 0.670861 
2 773 0.140944 0.551727 0.146584 0.649526 
2 774 0.0600195 0.713296 0.0703787 0.727379 
2 775 0.144433 0.662569 0.22072 0.727901 
2 776 0.0664414 0.649291 0.114078 0.654348 
2 777 0.224451 0.615865 0.227307 0.638476 
2 778 0.186411 0.666373 0.218811 0.677043 
2 779 0.218759 0.565331 0.21882 0.675174 
2 780 0.138069 0.548429 0.183133 0.629117 
2 781 0.164981 0.570483 0.226385 0.573042 
2 782 0.0563887 0.578799 0.156373 0.583332 
2 783 0.211842 0.62711 0.224285 0.723197 
2 784 0.144353 0.564192 0.212318 0.627156 
2 785 0.22798 0.707791 0.229967 0.713276 
2 786 0.202483 0.63496 0.225218 0.643632 
2 787 0.190998 0.681025 0.204413 0.712438 
2 788 0.0654186 0.562186 0.142417 0.630709 
2 789 0.0680292 0.596414 0.232146 0.643641 
2 790 0.0990022 0.537237 0.185953 0.55229 
2 791 0.132797 0.661423 0.158517 0.661537 
2 792 0.0547461 0.562781 0.226573 0.582218 
2 793 0.226763 0.580613 0.228484 0.616843 
2 794 0.144418 0.641222 0.221198 0.721029 
2 795 0.186512 0.604708 0.23449 0.697893 
2 796 0.187835 0.550194 0.217824 0.705173 
2 797 0.220767 0.72478 0.224787 0.728867 
2 798 0.0724965 0.536168 0.196518 0.608827 
2 799 0.0732016 0.639596 0.169531 0.709605 
2 800 0.176252 0.728632 0.227782 0.729166 
2 801 0.184259 0.563946 0.21896 0.610826 
2 802 0.216743 0.710199 0.223862 0.720893 
2 803 0.0872026 0.596821 0.121957 0.657 
2 804 0.00769819 0.0668422 0.207698 0.266842 
2 805 0.145053 0.172228 0.20334 0.234098 
2 806 0.147936 0.0763351 0.193487 0.138866 
2 807 0.15898 0.263352 0.176779 0.265981 
2 808 0.0222354 0.154125 0.186316 0.207973 
2 809 0.0626796 0.246373 0.0868262 0.247613 
2 810 0.108603 0.165638 0.140217 0.17482 
2 811 0.022448 0.249606 0.0936104 0.257611 
2 812 0.017715 0.0919153 0.164041 0.212345 
2 813 0.133607 0.244557 0.187354 0.251383 
2 814 0.110353 0.235144 0.192705 0.248311 
2 815 0.101282 0.181173 0.120259 0.184005 
2 816 0.107394 0.24499 0.182451 0.26339 
2 817 0.0502485 0.12176 0.0707842 0.181867 
2 818 0.149662 0.13035 0.163586 0.219351 
2 819 0.143967 0.0963488 0.168677 0.240514 
2 820 0.19878 0.148596 0.200101 0.215393 
2 821 0.105401 0.106794 0.203718 0.207507 
2 822 0.137949 0.162129 0.193963 0.183412 
2 823 0.188033 0.148905 0.190826 0.253356 
2 824 0.0401379 0.0938641 0.101354 0.172622 
2 825 0.0981582 0.109892 0.200214 0.252547 
2 826 0.17987 0.230355 0.19395 0.247221 
2 827 0.134246 0.207284 0.194822 0.264127 
2 828 0.0655614 0.149648 0.138682 0.252376 
2 829 0.153648 0.208149 0.192329 0.20927 
2 830 0.112696 0.164631 0.118889 0.234344 
2 831 0.191025 0.0946812 0.205864 0.265011 
2 832 0.0969029 0.154787 0.153925 0.245176 
2 833 0.050002 0.190112 0.0742248 0.19018 
2 834 0.153165 0.202955 0.175945 0.256391 
2 835 0.17344 0.192757 0.17624 0.208577 
2 836 0.0854628 0.120685 0.201286 0.162199 
2 837 0.164471 0.0691055 0.176668 0.263527 
2 838 0.171643 0.102218 0.185998 0.128185 
2 839 0.0591319 0.193786 0.0742318 0.251849 
2 840 0.158286 0.186486 0.189585 0.212101 
2 841 0.0311856 0.18444 0.124053 0.242368 
2 842 0.0400357 0.178209 0.184263 0.206218 
2 843 0.113408 0.153012 0.168862 0.195155 
2 844 0.0970714 0.0824949 0.139976 0.129305 
2 845 0.142946 0.255793 0.190125 0.266181 
2 846 0.099785 0.18797 0.171154 0.199832 
2 847 0.0764617 0.0698324 0.145073 0.196506 
2 848 0.191268 0.235637 0.207207 0.249859 
2 849 0.0121149 0.15417 0.150383 0.238867 
2 850 0.146834 0.067693 0.192717 0.0836084 
2 851 0.188358 0.0681106 0.202799 0.171149 
2 852 0.116503 0.192215 0.136185 0.245149 
2 853 0.063756 0.128876 0.117289 0.143197 
2 854 0.162874 0.098897 0.165352 0.14878 
2 855 0.103259 0.0969045 0.157566 0.238579 
2 856 0.123253 0.264219 0.151219 0.264223 
2 857 0.0135693 0.214634 0.108625 0.242632 
2 858 0.0321996 0.189667 0.0652417 0.199386 
2 859 0.198504 0.118645 0.20621 0.18153 
2 860 0.187281 0.157212 0.202811 0.230171 
2 861 0.0496106 0.102037 0.136081 0.173218 
2 862 0.145181 0.261511 0.197458 0.26194 
2 863 0.161586 0.220665 0.173121 0.255263 
2 864 0.144031 0.111176 0.146347 0.212767 
2 865 0.0819913 0.100028 0.111368 0.126678 
2 866 0.140097 0.191051 0.204261 0.192411 
2 867 0.152073 0.170677 0.155059 0.176962 
2 868 0.203134 0.215497 0.204636 0.224297 
2 869 0.195643 0.091612 0.198717 0.119663 
2 870 0.0287352 0.132288 0.0946942 0.209896 
2 871 0.159347 0.253891 0.193183 0.25858 
2 872 0.0987127 0.151158 0.124917 0.184679 
2 873 0.0509754 0.239571 0.133637 0.258976 
2 874 0.0842625 0.225913 0.141014 0.226045 
2 875 0.140636 0.0936501 0.153165 0.257498 
2 876 0.128898 0.168774 0.156281 0.250596 
2 877 0.073585 0.0751263 0.158313 0.222185 
2 878 0.111559 0.0846408 0.132759 0.213359 
2 879 0.0600539 0.113364 0.115918 0.185422 
2 880 0.203146 0.07317 0.203302 0.187744 
2 881 0.073614 0.147558 0.145554 0.262895 
2 882 0.181201 0.194747 0.185133 0.261934 
2 883 0.17078 0.255892 0.191927 0.257594 
2 884 0.0764209 0.0713232 0.0890941 0.238859 
2 885 0.142603 0.105239 0.188069 0.161133 
2 886 0.0358403 0.184045 0.0739337 0.186226 
2 887 0.160167 0.251943 0.163842 0.258356 
2 888 0.173949 0.17071 0.194254 0.186227 
2 889 0.12257 0.200252 0.16781 0.236793 
2 890 0.141291 0.155105 0.179248 0.211228 
2 891 0.0140295 0.0738541 0.115137 0.0945387 
2 892 0.118064 0.221248 0.17284 0.243438 
2 893 0.147097 0.208932 0.176601 0.224953 
2 894 0.0637189 0.113923 0.140098 0.205289 
2 895 0.191749 0.112896 0.204846 0.251374 
2 896 0.138001 0.238595 0.203233 0.265499 
2 897 0.0322881 0.08839 0.155509 0.106211 
2 898 0.0766135 0.132994 0.175926 0.209713 
2 899 0.0481946 0.16521 0.203607 0.247015 
2 900 0.0396141 0.142964 0.0647009 0.195505 
2 901 0.137957 0.246374 0.142152 0.26482 
2 902 0.0418574 0.171285 0.0470655 0.197773 
2 903 0.125071 0.254817 0.192156 0.26179 
2 904 0.183855 0.210626 0.188374 0.214723 
2 905 0.18351 0.150202 0.185684 0.228898 
2 906 0.170308 0.246147 0.199074 0.256215 
2 907 0.0831951 0.0822066 0.168801 0.170396 
2 908 0.0553021 0.203082 0.204023 0.226189 
2 909 0.166554 0.163617 0.169578 0.215194 
2 910 0.194267 0.0829066 0.19623 0.157985 
2 911 0.20033 0.106104 0.20179 0.198638 
2 912 0.124833 0.186869 0.155344 0.198768 
2 913 0.206778 0.230748 0.207149 0.244256 
2 914 0.103654 0.226649 0.170918 0.241025 
2 915 0.0745595 0.200214 0.093851 0.221181 
2 916 0.128148 0.170149 0.2014 0.195689 
2 917 0.174428 0.158451 0.195542 0.175347 
2 918 0.140893 0.124573 0.193995 0.170186 
2 919 0.151529 0.141514 0.164555 0.15077 
2 920 0.120935 0.125451 0.157597 0.176002 
2 921 0.125582 0.255733 0.163607 0.256293 
2 922 0.126884 0.0877581 0.196721 0.237003 
2 923 0.139417 0.105778 0.140709 0.190026 
2 924 0.151657 0.19882 0.198568 0.24256 
2 925 0.114673 0.155316 0.14476 0.186172 
2 926 0.0311457 0.133428 0.17881 0.204932 
2 927 0.193676 0.186187 0.197087 0.206107 
2 928 0.0469338 0.191491 0.181332 0.2421 
2 929 0.181955 0.202055 0.184931 0.231504 
2 930 0.0141521 0.199127 0.17965 0.203187 
2 931 0.0635968 0.246291 0.0890192 0.258502 
2 932 0.145885 0.153743 0.181077 0.17672 
2 933 0.0621868 0.162233 0.0977352 0.262808 
2 934 0.0511802 0.258853 0.173652 0.263434 
2 935 0.0335068 0.167854 0.120925 0.179574 
2 936 0.141479 0.233062 0.167087 0.237232 
2 937 0.137313 0.0879547 0.197049 0.152527 
2 938 0.151539 0.0982731 0.184166 0.12678 
2 939 0.141968 0.135212 0.200239 0.227306 
2 940 0.166095 0.100834 0.177836 0.112983 
2 941 0.157732 0.221483 0.165957 0.241166 
2 942 0.193562 0.225398 0.197327 0.234264 
2 943 0.0838237 0.190155 0.198845 0.217481 
2 944 0.0472783 0.0704925 0.174193 0.0929803 
2 945 0.138624 0.133101 0.165039 0.25539 
2 946 0.0863884 0.0927641 0.187264 0.256758 
2 947 0.0781103 0.235683 0.15222 0.26115 
2 948 0.0947732 0.250666 0.134202 0.26271 
2 949 0.162982 0.129764 0.190351 0.147025 
2 950 0.0343569 0.216947 0.0562032 0.239845 
2 951 0.0546334 0.23769 0.159321 0.241193 
2 952 0.196537 0.0950781 0.197209 0.134152 
2 953 0.127537 0.229303 0.131844 0.230498 
2 954 0.202592 0.114486 0.206019 0.204332 
2 955 0.0532507 0.253443 0.122414 0.260324 
2 956 0.1796 0.191643 0.196725 0.240101 
2 957 0.0128982 0.178907 0.0533678 0.18952 
2 958 0.0352413 0.244162 0.128816 0.252386 
2 959 0.0675404 0.260902 0.195505 0.265642 
2 960 0.0974422 0.160484 0.173952 0.203193 
2 961 0.10114 0.246696 0.156294 0.249456 
2 962 0.145525 0.0730933 0.170971 0.110418 
2 963 0.0626719 0.211301 0.121933 0.246455 
2 964 0.00775326 0.165284 0.0770204 0.197635 
2 965 0.0352986 0.0780692 0.102002 0.222581 
2 966 0.200082 0.136799 0.207691 0.162677 
2 967 0.116263 0.169594 0.134698 0.228723 
2 968 0.167388 0.171599 0.173301 0.226043 
2 969 0.14344 0.133257 0.197715 0.232654 
2 970 0.0882549 0.189743 0.1546 0.237076 
2 971 0.0156308 0.101121 0.0816039 0.171361 
2 972 0.153773 0.0841634 0.17349 0.160553 
2 973 0.0727507 0.173214 0.148859 0.178855 
2 974 0.0297246 0.0922897 0.127524 0.102649 
2 975 0.191294 0.176703 0.205377 0.25299 
2 976 0.140567 0.0987116 0.205899 0.146348 
2 977 0.127289 0.256721 0.132346 0.259578 
2 978 0.0938631 0.218682 0.116474 0.251081 
2 979 0.144371 0.251029 0.155041 0.25109 
2 980 0.0433286 0.170339 0.153172 0.215403 
2 981 0.0264269 0.197251 0.107115 0.258655 
2 982 0.0484808 0.0886589 0.0510402 0.188643 
2 983 0.0567971 0.244113 0.0613302 0.256555 
2 984 0.105108 0.176624 0.201195 0.244589 
2 985 0.0421899 0.26025 0.105154 0.262237 
2 986 0.185789 0.234754 0.191274 0.257488 
2 987 0.112958 0.223268 0.12163 0.236683 
2 988 0.159023 0.0976887 0.190435 0.174687 
2 989 0.0401838 0.100299 0.108707 0.264416 
2 990 0.0744122 0.131272 0.121639 0.218224 
2 991 0.0152347 0.165067 0.0302881 0.190787 
2 992 0.139421 0.0870162 0.139535 0.258843 
2 993 0.0407795 0.259033 0.0602158 0.260754 
2 994 0.0586108 0.176688 0.0948406 0.253468 
2 995 0.11922 0.218782 0.199027 0.26676 
2 996 0.0827062 0.220105 0.175891 0.250095 
2 997 0.0281918 0.253037 0.183171 0.257057 
2 998 0.202778 0.104767 0.206865 0.228788 
2 999 0.0141659 0.105472 0.0868251 0.201801 
2 1000 0.117594 0.208522 0.187603 0.260052 
2 1001 0.20663 0.216529 0.207164 0.25123 
2 1002 0.0419436 0.249013 0.0888236 0.256132 
2 1003 0.188197 0.119473 0.198891 0.154227 
2 1004 0.0748193 0.200263 0.134998 0.254805 
