2 0 0 0 0.001 0.001 
2 1 0.001 0.001 0.002 0.002 
2 2 0.002 0.002 0.003 0.003 
2 3 0.003 0.003 0.004 0.004 
2 4 0.004 0.004 0.005 0.005 
2 5 0.005 0.005 0.006 0.006 
2 6 0.006 0.006 0.007 0.007 
2 7 0.007 0.007 0.008 0.008 
2 8 0.008 0.008 0.009 0.009 
2 9 0.009 0.009 0.01 0.01 
2 10 0.01 0.01 0.011 0.011 
2 11 0.011 0.011 0.012 0.012 
2 12 0.012 0.012 0.013 0.013 
2 13 0.013 0.013 0.014 0.014 
2 14 0.014 0.014 0.015 0.015 
2 15 0.015 0.015 0.016 0.016 
2 16 0.016 0.016 0.017 0.017 
2 17 0.017 0.017 0.018 0.018 
2 18 0.018 0.018 0.019 0.019 
2 19 0.019 0.019 0.02 0.02 
2 20 0.02 0.02 0.021 0.021 
2 21 0.021 0.021 0.022 0.022 
2 22 0.022 0.022 0.023 0.023 
2 23 0.023 0.023 0.024 0.024 
2 24 0.024 0.024 0.025 0.025 
2 25 0.025 0.025 0.026 0.026 
2 26 0.026 0.026 0.027 0.027 
2 27 0.027 0.027 0.028 0.028 
2 28 0.028 0.028 0.029 0.029 
2 29 0.029 0.029 0.03 0.03 
2 30 0.03 0.03 0.031 0.031 
2 31 0.031 0.031 0.032 0.032 
2 32 0.032 0.032 0.033 0.033 
2 33 0.033 0.033 0.034 0.034 
2 34 0.034 0.034 0.035 0.035 
2 35 0.035 0.035 0.036 0.036 
2 36 0.036 0.036 0.037 0.037 
2 37 0.037 0.037 0.038 0.038 
2 38 0.038 0.038 0.039 0.039 
2 39 0.039 0.039 0.04 0.04 
2 40 0.04 0.04 0.041 0.041 
2 41 0.041 0.041 0.042 0.042 
2 42 0.042 0.042 0.043 0.043 
2 43 0.043 0.043 0.044 0.044 
2 44 0.044 0.044 0.045 0.045 
2 45 0.045 0.045 0.046 0.046 
2 46 0.046 0.046 0.047 0.047 
2 47 0.047 0.047 0.048 0.048 
2 48 0.048 0.048 0.049 0.049 
2 49 0.049 0.049 0.05 0.05 
2 50 0.05 0.05 0.051 0.051 
2 51 0.051 0.051 0.052 0.052 
2 52 0.052 0.052 0.053 0.053 
2 53 0.053 0.053 0.054 0.054 
2 54 0.054 0.054 0.055 0.055 
2 55 0.055 0.055 0.056 0.056 
2 56 0.056 0.056 0.057 0.057 
2 57 0.057 0.057 0.058 0.058 
2 58 0.058 0.058 0.059 0.059 
2 59 0.059 0.059 0.06 0.06 
2 60 0.06 0.06 0.061 0.061 
2 61 0.061 0.061 0.062 0.062 
2 62 0.062 0.062 0.063 0.063 
2 63 0.063 0.063 0.064 0.064 
2 64 0.064 0.064 0.065 0.065 
2 65 0.065 0.065 0.066 0.066 
2 66 0.066 0.066 0.067 0.067 
2 67 0.067 0.067 0.068 0.068 
2 68 0.068 0.068 0.069 0.069 
2 69 0.069 0.069 0.07 0.07 
2 70 0.07 0.07 0.071 0.071 
2 71 0.071 0.071 0.072 0.072 
2 72 0.072 0.072 0.073 0.073 
2 73 0.073 0.073 0.074 0.074 
2 74 0.074 0.074 0.075 0.075 
2 75 0.075 0.075 0.076 0.076 
2 76 0.076 0.076 0.077 0.077 
2 77 0.077 0.077 0.078 0.078 
2 78 0.078 0.078 0.079 0.079 
2 79 0.079 0.079 0.08 0.08 
2 80 0.08 0.08 0.081 0.081 
2 81 0.081 0.081 0.082 0.082 
2 82 0.082 0.082 0.083 0.083 
2 83 0.083 0.083 0.084 0.084 
2 84 0.084 0.084 0.085 0.085 
2 85 0.085 0.085 0.086 0.086 
2 86 0.086 0.086 0.087 0.087 
2 87 0.087 0.087 0.088 0.088 
2 88 0.088 0.088 0.089 0.089 
2 89 0.089 0.089 0.09 0.09 
2 90 0.09 0.09 0.091 0.091 
2 91 0.091 0.091 0.092 0.092 
2 92 0.092 0.092 0.093 0.093 
2 93 0.093 0.093 0.094 0.094 
2 94 0.094 0.094 0.095 0.095 
2 95 0.095 0.095 0.096 0.096 
2 96 0.096 0.096 0.097 0.097 
2 97 0.097 0.097 0.098 0.098 
2 98 0.098 0.098 0.099 0.099 
2 99 0.099 0.099 0.1 0.1 
2 100 0.1 0.1 0.101 0.101 
2 101 0.101 0.101 0.102 0.102 
2 102 0.102 0.102 0.103 0.103 
2 103 0.103 0.103 0.104 0.104 
2 104 0.104 0.104 0.105 0.105 
2 105 0.105 0.105 0.106 0.106 
2 106 0.106 0.106 0.107 0.107 
2 107 0.107 0.107 0.108 0.108 
2 108 0.108 0.108 0.109 0.109 
2 109 0.109 0.109 0.11 0.11 
2 110 0.11 0.11 0.111 0.111 
2 111 0.111 0.111 0.112 0.112 
2 112 0.112 0.112 0.113 0.113 
2 113 0.113 0.113 0.114 0.114 
2 114 0.114 0.114 0.115 0.115 
2 115 0.115 0.115 0.116 0.116 
2 116 0.116 0.116 0.117 0.117 
2 117 0.117 0.117 0.118 0.118 
2 118 0.118 0.118 0.119 0.119 
2 119 0.119 0.119 0.12 0.12 
2 120 0.12 0.12 0.121 0.121 
2 121 0.121 0.121 0.122 0.122 
2 122 0.122 0.122 0.123 0.123 
2 123 0.123 0.123 0.124 0.124 
2 124 0.124 0.124 0.125 0.125 
2 125 0.125 0.125 0.126 0.126 
2 126 0.126 0.126 0.127 0.127 
2 127 0.127 0.127 0.128 0.128 
2 128 0.128 0.128 0.129 0.129 
2 129 0.129 0.129 0.13 0.13 
2 130 0.13 0.13 0.131 0.131 
2 131 0.131 0.131 0.132 0.132 
2 132 0.132 0.132 0.133 0.133 
2 133 0.133 0.133 0.134 0.134 
2 134 0.134 0.134 0.135 0.135 
2 135 0.135 0.135 0.136 0.136 
2 136 0.136 0.136 0.137 0.137 
2 137 0.137 0.137 0.138 0.138 
2 138 0.138 0.138 0.139 0.139 
2 139 0.139 0.139 0.14 0.14 
2 140 0.14 0.14 0.141 0.141 
2 141 0.141 0.141 0.142 0.142 
2 142 0.142 0.142 0.143 0.143 
2 143 0.143 0.143 0.144 0.144 
2 144 0.144 0.144 0.145 0.145 
2 145 0.145 0.145 0.146 0.146 
2 146 0.146 0.146 0.147 0.147 
2 147 0.147 0.147 0.148 0.148 
2 148 0.148 0.148 0.149 0.149 
2 149 0.149 0.149 0.15 0.15 
2 150 0.15 0.15 0.151 0.151 
2 151 0.151 0.151 0.152 0.152 
2 152 0.152 0.152 0.153 0.153 
2 153 0.153 0.153 0.154 0.154 
2 154 0.154 0.154 0.155 0.155 
2 155 0.155 0.155 0.156 0.156 
2 156 0.156 0.156 0.157 0.157 
2 157 0.157 0.157 0.158 0.158 
2 158 0.158 0.158 0.159 0.159 
2 159 0.159 0.159 0.16 0.16 
2 160 0.16 0.16 0.161 0.161 
2 161 0.161 0.161 0.162 0.162 
2 162 0.162 0.162 0.163 0.163 
2 163 0.163 0.163 0.164 0.164 
2 164 0.164 0.164 0.165 0.165 
2 165 0.165 0.165 0.166 0.166 
2 166 0.166 0.166 0.167 0.167 
2 167 0.167 0.167 0.168 0.168 
2 168 0.168 0.168 0.169 0.169 
2 169 0.169 0.169 0.17 0.17 
2 170 0.17 0.17 0.171 0.171 
2 171 0.171 0.171 0.172 0.172 
2 172 0.172 0.172 0.173 0.173 
2 173 0.173 0.173 0.174 0.174 
2 174 0.174 0.174 0.175 0.175 
2 175 0.175 0.175 0.176 0.176 
2 176 0.176 0.176 0.177 0.177 
2 177 0.177 0.177 0.178 0.178 
2 178 0.178 0.178 0.179 0.179 
2 179 0.179 0.179 0.18 0.18 
2 180 0.18 0.18 0.181 0.181 
2 181 0.181 0.181 0.182 0.182 
2 182 0.182 0.182 0.183 0.183 
2 183 0.183 0.183 0.184 0.184 
2 184 0.184 0.184 0.185 0.185 
2 185 0.185 0.185 0.186 0.186 
2 186 0.186 0.186 0.187 0.187 
2 187 0.187 0.187 0.188 0.188 
2 188 0.188 0.188 0.189 0.189 
2 189 0.189 0.189 0.19 0.19 
2 190 0.19 0.19 0.191 0.191 
2 191 0.191 0.191 0.192 0.192 
2 192 0.192 0.192 0.193 0.193 
2 193 0.193 0.193 0.194 0.194 
2 194 0.194 0.194 0.195 0.195 
2 195 0.195 0.195 0.196 0.196 
2 196 0.196 0.196 0.197 0.197 
2 197 0.197 0.197 0.198 0.198 
2 198 0.198 0.198 0.199 0.199 
2 199 0.199 0.199 0.2 0.2 
2 200 0.2 0.2 0.201 0.201 
2 201 0.201 0.201 0.202 0.202 
2 202 0.202 0.202 0.203 0.203 
2 203 0.203 0.203 0.204 0.204 
2 204 0.204 0.204 0.205 0.205 
2 205 0.205 0.205 0.206 0.206 
2 206 0.206 0.206 0.207 0.207 
2 207 0.207 0.207 0.208 0.208 
2 208 0.208 0.208 0.209 0.209 
2 209 0.209 0.209 0.21 0.21 
2 210 0.21 0.21 0.211 0.211 
2 211 0.211 0.211 0.212 0.212 
2 212 0.212 0.212 0.213 0.213 
2 213 0.213 0.213 0.214 0.214 
2 214 0.214 0.214 0.215 0.215 
2 215 0.215 0.215 0.216 0.216 
2 216 0.216 0.216 0.217 0.217 
2 217 0.217 0.217 0.218 0.218 
2 218 0.218 0.218 0.219 0.219 
2 219 0.219 0.219 0.22 0.22 
2 220 0.22 0.22 0.221 0.221 
2 221 0.221 0.221 0.222 0.222 
2 222 0.222 0.222 0.223 0.223 
2 223 0.223 0.223 0.224 0.224 
2 224 0.224 0.224 0.225 0.225 
2 225 0.225 0.225 0.226 0.226 
2 226 0.226 0.226 0.227 0.227 
2 227 0.227 0.227 0.228 0.228 
2 228 0.228 0.228 0.229 0.229 
2 229 0.229 0.229 0.23 0.23 
2 230 0.23 0.23 0.231 0.231 
2 231 0.231 0.231 0.232 0.232 
2 232 0.232 0.232 0.233 0.233 
2 233 0.233 0.233 0.234 0.234 
2 234 0.234 0.234 0.235 0.235 
2 235 0.235 0.235 0.236 0.236 
2 236 0.236 0.236 0.237 0.237 
2 237 0.237 0.237 0.238 0.238 
2 238 0.238 0.238 0.239 0.239 
2 239 0.239 0.239 0.24 0.24 
2 240 0.24 0.24 0.241 0.241 
2 241 0.241 0.241 0.242 0.242 
2 242 0.242 0.242 0.243 0.243 
2 243 0.243 0.243 0.244 0.244 
2 244 0.244 0.244 0.245 0.245 
2 245 0.245 0.245 0.246 0.246 
2 246 0.246 0.246 0.247 0.247 
2 247 0.247 0.247 0.248 0.248 
2 248 0.248 0.248 0.249 0.249 
2 249 0.249 0.249 0.25 0.25 
2 250 0.25 0.25 0.251 0.251 
2 251 0.251 0.251 0.252 0.252 
2 252 0.252 0.252 0.253 0.253 
2 253 0.253 0.253 0.254 0.254 
2 254 0.254 0.254 0.255 0.255 
2 255 0.255 0.255 0.256 0.256 
2 256 0.256 0.256 0.257 0.257 
2 257 0.257 0.257 0.258 0.258 
2 258 0.258 0.258 0.259 0.259 
2 259 0.259 0.259 0.26 0.26 
2 260 0.26 0.26 0.261 0.261 
2 261 0.261 0.261 0.262 0.262 
2 262 0.262 0.262 0.263 0.263 
2 263 0.263 0.263 0.264 0.264 
2 264 0.264 0.264 0.265 0.265 
2 265 0.265 0.265 0.266 0.266 
2 266 0.266 0.266 0.267 0.267 
2 267 0.267 0.267 0.268 0.268 
2 268 0.268 0.268 0.269 0.269 
2 269 0.269 0.269 0.27 0.27 
2 270 0.27 0.27 0.271 0.271 
2 271 0.271 0.271 0.272 0.272 
2 272 0.272 0.272 0.273 0.273 
2 273 0.273 0.273 0.274 0.274 
2 274 0.274 0.274 0.275 0.275 
2 275 0.275 0.275 0.276 0.276 
2 276 0.276 0.276 0.277 0.277 
2 277 0.277 0.277 0.278 0.278 
2 278 0.278 0.278 0.279 0.279 
2 279 0.279 0.279 0.28 0.28 
2 280 0.28 0.28 0.281 0.281 
2 281 0.281 0.281 0.282 0.282 
2 282 0.282 0.282 0.283 0.283 
2 283 0.283 0.283 0.284 0.284 
2 284 0.284 0.284 0.285 0.285 
2 285 0.285 0.285 0.286 0.286 
2 286 0.286 0.286 0.287 0.287 
2 287 0.287 0.287 0.288 0.288 
2 288 0.288 0.288 0.289 0.289 
2 289 0.289 0.289 0.29 0.29 
2 290 0.29 0.29 0.291 0.291 
2 291 0.291 0.291 0.292 0.292 
2 292 0.292 0.292 0.293 0.293 
2 293 0.293 0.293 0.294 0.294 
2 294 0.294 0.294 0.295 0.295 
2 295 0.295 0.295 0.296 0.296 
2 296 0.296 0.296 0.297 0.297 
2 297 0.297 0.297 0.298 0.298 
2 298 0.298 0.298 0.299 0.299 
2 299 0.299 0.299 0.3 0.3 
2 300 0.3 0.3 0.301 0.301 
2 301 0.301 0.301 0.302 0.302 
2 302 0.302 0.302 0.303 0.303 
2 303 0.303 0.303 0.304 0.304 
2 304 0.304 0.304 0.305 0.305 
2 305 0.305 0.305 0.306 0.306 
2 306 0.306 0.306 0.307 0.307 
2 307 0.307 0.307 0.308 0.308 
2 308 0.308 0.308 0.309 0.309 
2 309 0.309 0.309 0.31 0.31 
2 310 0.31 0.31 0.311 0.311 
2 311 0.311 0.311 0.312 0.312 
2 312 0.312 0.312 0.313 0.313 
2 313 0.313 0.313 0.314 0.314 
2 314 0.314 0.314 0.315 0.315 
2 315 0.315 0.315 0.316 0.316 
2 316 0.316 0.316 0.317 0.317 
2 317 0.317 0.317 0.318 0.318 
2 318 0.318 0.318 0.319 0.319 
2 319 0.319 0.319 0.32 0.32 
2 320 0.32 0.32 0.321 0.321 
2 321 0.321 0.321 0.322 0.322 
2 322 0.322 0.322 0.323 0.323 
2 323 0.323 0.323 0.324 0.324 
2 324 0.324 0.324 0.325 0.325 
2 325 0.325 0.325 0.326 0.326 
2 326 0.326 0.326 0.327 0.327 
2 327 0.327 0.327 0.328 0.328 
2 328 0.328 0.328 0.329 0.329 
2 329 0.329 0.329 0.33 0.33 
2 330 0.33 0.33 0.331 0.331 
2 331 0.331 0.331 0.332 0.332 
2 332 0.332 0.332 0.333 0.333 
2 333 0.333 0.333 0.334 0.334 
2 334 0.334 0.334 0.335 0.335 
2 335 0.335 0.335 0.336 0.336 
2 336 0.336 0.336 0.337 0.337 
2 337 0.337 0.337 0.338 0.338 
2 338 0.338 0.338 0.339 0.339 
2 339 0.339 0.339 0.34 0.34 
2 340 0.34 0.34 0.341 0.341 
2 341 0.341 0.341 0.342 0.342 
2 342 0.342 0.342 0.343 0.343 
2 343 0.343 0.343 0.344 0.344 
2 344 0.344 0.344 0.345 0.345 
2 345 0.345 0.345 0.346 0.346 
2 346 0.346 0.346 0.347 0.347 
2 347 0.347 0.347 0.348 0.348 
2 348 0.348 0.348 0.349 0.349 
2 349 0.349 0.349 0.35 0.35 
2 350 0.35 0.35 0.351 0.351 
2 351 0.351 0.351 0.352 0.352 
2 352 0.352 0.352 0.353 0.353 
2 353 0.353 0.353 0.354 0.354 
2 354 0.354 0.354 0.355 0.355 
2 355 0.355 0.355 0.356 0.356 
2 356 0.356 0.356 0.357 0.357 
2 357 0.357 0.357 0.358 0.358 
2 358 0.358 0.358 0.359 0.359 
2 359 0.359 0.359 0.36 0.36 
2 360 0.36 0.36 0.361 0.361 
2 361 0.361 0.361 0.362 0.362 
2 362 0.362 0.362 0.363 0.363 
2 363 0.363 0.363 0.364 0.364 
2 364 0.364 0.364 0.365 0.365 
2 365 0.365 0.365 0.366 0.366 
2 366 0.366 0.366 0.367 0.367 
2 367 0.367 0.367 0.368 0.368 
2 368 0.368 0.368 0.369 0.369 
2 369 0.369 0.369 0.37 0.37 
2 370 0.37 0.37 0.371 0.371 
2 371 0.371 0.371 0.372 0.372 
2 372 0.372 0.372 0.373 0.373 
2 373 0.373 0.373 0.374 0.374 
2 374 0.374 0.374 0.375 0.375 
2 375 0.375 0.375 0.376 0.376 
2 376 0.376 0.376 0.377 0.377 
2 377 0.377 0.377 0.378 0.378 
2 378 0.378 0.378 0.379 0.379 
2 379 0.379 0.379 0.38 0.38 
2 380 0.38 0.38 0.381 0.381 
2 381 0.381 0.381 0.382 0.382 
2 382 0.382 0.382 0.383 0.383 
2 383 0.383 0.383 0.384 0.384 
2 384 0.384 0.384 0.385 0.385 
2 385 0.385 0.385 0.386 0.386 
2 386 0.386 0.386 0.387 0.387 
2 387 0.387 0.387 0.388 0.388 
2 388 0.388 0.388 0.389 0.389 
2 389 0.389 0.389 0.39 0.39 
2 390 0.39 0.39 0.391 0.391 
2 391 0.391 0.391 0.392 0.392 
2 392 0.392 0.392 0.393 0.393 
2 393 0.393 0.393 0.394 0.394 
2 394 0.394 0.394 0.395 0.395 
2 395 0.395 0.395 0.396 0.396 
2 396 0.396 0.396 0.397 0.397 
2 397 0.397 0.397 0.398 0.398 
2 398 0.398 0.398 0.399 0.399 
2 399 0.399 0.399 0.4 0.4 
2 400 0.4 0.4 0.401 0.401 
2 401 0.401 0.401 0.402 0.402 
2 402 0.402 0.402 0.403 0.403 
2 403 0.403 0.403 0.404 0.404 
2 404 0.404 0.404 0.405 0.405 
2 405 0.405 0.405 0.406 0.406 
2 406 0.406 0.406 0.407 0.407 
2 407 0.407 0.407 0.408 0.408 
2 408 0.408 0.408 0.409 0.409 
2 409 0.409 0.409 0.41 0.41 
2 410 0.41 0.41 0.411 0.411 
2 411 0.411 0.411 0.412 0.412 
2 412 0.412 0.412 0.413 0.413 
2 413 0.413 0.413 0.414 0.414 
2 414 0.414 0.414 0.415 0.415 
2 415 0.415 0.415 0.416 0.416 
2 416 0.416 0.416 0.417 0.417 
2 417 0.417 0.417 0.418 0.418 
2 418 0.418 0.418 0.419 0.419 
2 419 0.419 0.419 0.42 0.42 
2 420 0.42 0.42 0.421 0.421 
2 421 0.421 0.421 0.422 0.422 
2 422 0.422 0.422 0.423 0.423 
2 423 0.423 0.423 0.424 0.424 
2 424 0.424 0.424 0.425 0.425 
2 425 0.425 0.425 0.426 0.426 
2 426 0.426 0.426 0.427 0.427 
2 427 0.427 0.427 0.428 0.428 
2 428 0.428 0.428 0.429 0.429 
2 429 0.429 0.429 0.43 0.43 
2 430 0.43 0.43 0.431 0.431 
2 431 0.431 0.431 0.432 0.432 
2 432 0.432 0.432 0.433 0.433 
2 433 0.433 0.433 0.434 0.434 
2 434 0.434 0.434 0.435 0.435 
2 435 0.435 0.435 0.436 0.436 
2 436 0.436 0.436 0.437 0.437 
2 437 0.437 0.437 0.438 0.438 
2 438 0.438 0.438 0.439 0.439 
2 439 0.439 0.439 0.44 0.44 
2 440 0.44 0.44 0.441 0.441 
2 441 0.441 0.441 0.442 0.442 
2 442 0.442 0.442 0.443 0.443 
2 443 0.443 0.443 0.444 0.444 
2 444 0.444 0.444 0.445 0.445 
2 445 0.445 0.445 0.446 0.446 
2 446 0.446 0.446 0.447 0.447 
2 447 0.447 0.447 0.448 0.448 
2 448 0.448 0.448 0.449 0.449 
2 449 0.449 0.449 0.45 0.45 
2 450 0.45 0.45 0.451 0.451 
2 451 0.451 0.451 0.452 0.452 
2 452 0.452 0.452 0.453 0.453 
2 453 0.453 0.453 0.454 0.454 
2 454 0.454 0.454 0.455 0.455 
2 455 0.455 0.455 0.456 0.456 
2 456 0.456 0.456 0.457 0.457 
2 457 0.457 0.457 0.458 0.458 
2 458 0.458 0.458 0.459 0.459 
2 459 0.459 0.459 0.46 0.46 
2 460 0.46 0.46 0.461 0.461 
2 461 0.461 0.461 0.462 0.462 
2 462 0.462 0.462 0.463 0.463 
2 463 0.463 0.463 0.464 0.464 
2 464 0.464 0.464 0.465 0.465 
2 465 0.465 0.465 0.466 0.466 
2 466 0.466 0.466 0.467 0.467 
2 467 0.467 0.467 0.468 0.468 
2 468 0.468 0.468 0.469 0.469 
2 469 0.469 0.469 0.47 0.47 
2 470 0.47 0.47 0.471 0.471 
2 471 0.471 0.471 0.472 0.472 
2 472 0.472 0.472 0.473 0.473 
2 473 0.473 0.473 0.474 0.474 
2 474 0.474 0.474 0.475 0.475 
2 475 0.475 0.475 0.476 0.476 
2 476 0.476 0.476 0.477 0.477 
2 477 0.477 0.477 0.478 0.478 
2 478 0.478 0.478 0.479 0.479 
2 479 0.479 0.479 0.48 0.48 
2 480 0.48 0.48 0.481 0.481 
2 481 0.481 0.481 0.482 0.482 
2 482 0.482 0.482 0.483 0.483 
2 483 0.483 0.483 0.484 0.484 
2 484 0.484 0.484 0.485 0.485 
2 485 0.485 0.485 0.486 0.486 
2 486 0.486 0.486 0.487 0.487 
2 487 0.487 0.487 0.488 0.488 
2 488 0.488 0.488 0.489 0.489 
2 489 0.489 0.489 0.49 0.49 
2 490 0.49 0.49 0.491 0.491 
2 491 0.491 0.491 0.492 0.492 
2 492 0.492 0.492 0.493 0.493 
2 493 0.493 0.493 0.494 0.494 
2 494 0.494 0.494 0.495 0.495 
2 495 0.495 0.495 0.496 0.496 
2 496 0.496 0.496 0.497 0.497 
2 497 0.497 0.497 0.498 0.498 
2 498 0.498 0.498 0.499 0.499 
2 499 0.499 0.499 0.5 0.5 
2 500 0.5 0.5 0.501 0.501 
2 501 0.501 0.501 0.502 0.502 
2 502 0.502 0.502 0.503 0.503 
2 503 0.503 0.503 0.504 0.504 
2 504 0.504 0.504 0.505 0.505 
2 505 0.505 0.505 0.506 0.506 
2 506 0.506 0.506 0.507 0.507 
2 507 0.507 0.507 0.508 0.508 
2 508 0.508 0.508 0.509 0.509 
2 509 0.509 0.509 0.51 0.51 
2 510 0.51 0.51 0.511 0.511 
2 511 0.511 0.511 0.512 0.512 
2 512 0.512 0.512 0.513 0.513 
2 513 0.513 0.513 0.514 0.514 
2 514 0.514 0.514 0.515 0.515 
2 515 0.515 0.515 0.516 0.516 
2 516 0.516 0.516 0.517 0.517 
2 517 0.517 0.517 0.518 0.518 
2 518 0.518 0.518 0.519 0.519 
2 519 0.519 0.519 0.52 0.52 
2 520 0.52 0.52 0.521 0.521 
2 521 0.521 0.521 0.522 0.522 
2 522 0.522 0.522 0.523 0.523 
2 523 0.523 0.523 0.524 0.524 
2 524 0.524 0.524 0.525 0.525 
2 525 0.525 0.525 0.526 0.526 
2 526 0.526 0.526 0.527 0.527 
2 527 0.527 0.527 0.528 0.528 
2 528 0.528 0.528 0.529 0.529 
2 529 0.529 0.529 0.53 0.53 
2 530 0.53 0.53 0.531 0.531 
2 531 0.531 0.531 0.532 0.532 
2 532 0.532 0.532 0.533 0.533 
2 533 0.533 0.533 0.534 0.534 
2 534 0.534 0.534 0.535 0.535 
2 535 0.535 0.535 0.536 0.536 
2 536 0.536 0.536 0.537 0.537 
2 537 0.537 0.537 0.538 0.538 
2 538 0.538 0.538 0.539 0.539 
2 539 0.539 0.539 0.54 0.54 
2 540 0.54 0.54 0.541 0.541 
2 541 0.541 0.541 0.542 0.542 
2 542 0.542 0.542 0.543 0.543 
2 543 0.543 0.543 0.544 0.544 
2 544 0.544 0.544 0.545 0.545 
2 545 0.545 0.545 0.546 0.546 
2 546 0.546 0.546 0.547 0.547 
2 547 0.547 0.547 0.548 0.548 
2 548 0.548 0.548 0.549 0.549 
2 549 0.549 0.549 0.55 0.55 
2 550 0.55 0.55 0.551 0.551 
2 551 0.551 0.551 0.552 0.552 
2 552 0.552 0.552 0.553 0.553 
2 553 0.553 0.553 0.554 0.554 
2 554 0.554 0.554 0.555 0.555 
2 555 0.555 0.555 0.556 0.556 
2 556 0.556 0.556 0.557 0.557 
2 557 0.557 0.557 0.558 0.558 
2 558 0.558 0.558 0.559 0.559 
2 559 0.559 0.559 0.56 0.56 
2 560 0.56 0.56 0.561 0.561 
2 561 0.561 0.561 0.562 0.562 
2 562 0.562 0.562 0.563 0.563 
2 563 0.563 0.563 0.564 0.564 
2 564 0.564 0.564 0.565 0.565 
2 565 0.565 0.565 0.566 0.566 
2 566 0.566 0.566 0.567 0.567 
2 567 0.567 0.567 0.568 0.568 
2 568 0.568 0.568 0.569 0.569 
2 569 0.569 0.569 0.57 0.57 
2 570 0.57 0.57 0.571 0.571 
2 571 0.571 0.571 0.572 0.572 
2 572 0.572 0.572 0.573 0.573 
2 573 0.573 0.573 0.574 0.574 
2 574 0.574 0.574 0.575 0.575 
2 575 0.575 0.575 0.576 0.576 
2 576 0.576 0.576 0.577 0.577 
2 577 0.577 0.577 0.578 0.578 
2 578 0.578 0.578 0.579 0.579 
2 579 0.579 0.579 0.58 0.58 
2 580 0.58 0.58 0.581 0.581 
2 581 0.581 0.581 0.582 0.582 
2 582 0.582 0.582 0.583 0.583 
2 583 0.583 0.583 0.584 0.584 
2 584 0.584 0.584 0.585 0.585 
2 585 0.585 0.585 0.586 0.586 
2 586 0.586 0.586 0.587 0.587 
2 587 0.587 0.587 0.588 0.588 
2 588 0.588 0.588 0.589 0.589 
2 589 0.589 0.589 0.59 0.59 
2 590 0.59 0.59 0.591 0.591 
2 591 0.591 0.591 0.592 0.592 
2 592 0.592 0.592 0.593 0.593 
2 593 0.593 0.593 0.594 0.594 
2 594 0.594 0.594 0.595 0.595 
2 595 0.595 0.595 0.596 0.596 
2 596 0.596 0.596 0.597 0.597 
2 597 0.597 0.597 0.598 0.598 
2 598 0.598 0.598 0.599 0.599 
2 599 0.599 0.599 0.6 0.6 
2 600 0.6 0.6 0.601 0.601 
2 601 0.601 0.601 0.602 0.602 
2 602 0.602 0.602 0.603 0.603 
2 603 0.603 0.603 0.604 0.604 
2 604 0.604 0.604 0.605 0.605 
2 605 0.605 0.605 0.606 0.606 
2 606 0.606 0.606 0.607 0.607 
2 607 0.607 0.607 0.608 0.608 
2 608 0.608 0.608 0.609 0.609 
2 609 0.609 0.609 0.61 0.61 
2 610 0.61 0.61 0.611 0.611 
2 611 0.611 0.611 0.612 0.612 
2 612 0.612 0.612 0.613 0.613 
2 613 0.613 0.613 0.614 0.614 
2 614 0.614 0.614 0.615 0.615 
2 615 0.615 0.615 0.616 0.616 
2 616 0.616 0.616 0.617 0.617 
2 617 0.617 0.617 0.618 0.618 
2 618 0.618 0.618 0.619 0.619 
2 619 0.619 0.619 0.62 0.62 
2 620 0.62 0.62 0.621 0.621 
2 621 0.621 0.621 0.622 0.622 
2 622 0.622 0.622 0.623 0.623 
2 623 0.623 0.623 0.624 0.624 
2 624 0.624 0.624 0.625 0.625 
2 625 0.625 0.625 0.626 0.626 
2 626 0.626 0.626 0.627 0.627 
2 627 0.627 0.627 0.628 0.628 
2 628 0.628 0.628 0.629 0.629 
2 629 0.629 0.629 0.63 0.63 
2 630 0.63 0.63 0.631 0.631 
2 631 0.631 0.631 0.632 0.632 
2 632 0.632 0.632 0.633 0.633 
2 633 0.633 0.633 0.634 0.634 
2 634 0.634 0.634 0.635 0.635 
2 635 0.635 0.635 0.636 0.636 
2 636 0.636 0.636 0.637 0.637 
2 637 0.637 0.637 0.638 0.638 
2 638 0.638 0.638 0.639 0.639 
2 639 0.639 0.639 0.64 0.64 
2 640 0.64 0.64 0.641 0.641 
2 641 0.641 0.641 0.642 0.642 
2 642 0.642 0.642 0.643 0.643 
2 643 0.643 0.643 0.644 0.644 
2 644 0.644 0.644 0.645 0.645 
2 645 0.645 0.645 0.646 0.646 
2 646 0.646 0.646 0.647 0.647 
2 647 0.647 0.647 0.648 0.648 
2 648 0.648 0.648 0.649 0.649 
2 649 0.649 0.649 0.65 0.65 
2 650 0.65 0.65 0.651 0.651 
2 651 0.651 0.651 0.652 0.652 
2 652 0.652 0.652 0.653 0.653 
2 653 0.653 0.653 0.654 0.654 
2 654 0.654 0.654 0.655 0.655 
2 655 0.655 0.655 0.656 0.656 
2 656 0.656 0.656 0.657 0.657 
2 657 0.657 0.657 0.658 0.658 
2 658 0.658 0.658 0.659 0.659 
2 659 0.659 0.659 0.66 0.66 
2 660 0.66 0.66 0.661 0.661 
2 661 0.661 0.661 0.662 0.662 
2 662 0.662 0.662 0.663 0.663 
2 663 0.663 0.663 0.664 0.664 
2 664 0.664 0.664 0.665 0.665 
2 665 0.665 0.665 0.666 0.666 
2 666 0.666 0.666 0.667 0.667 
2 667 0.667 0.667 0.668 0.668 
2 668 0.668 0.668 0.669 0.669 
2 669 0.669 0.669 0.67 0.67 
2 670 0.67 0.67 0.671 0.671 
2 671 0.671 0.671 0.672 0.672 
2 672 0.672 0.672 0.673 0.673 
2 673 0.673 0.673 0.674 0.674 
2 674 0.674 0.674 0.675 0.675 
2 675 0.675 0.675 0.676 0.676 
2 676 0.676 0.676 0.677 0.677 
2 677 0.677 0.677 0.678 0.678 
2 678 0.678 0.678 0.679 0.679 
2 679 0.679 0.679 0.68 0.68 
2 680 0.68 0.68 0.681 0.681 
2 681 0.681 0.681 0.682 0.682 
2 682 0.682 0.682 0.683 0.683 
2 683 0.683 0.683 0.684 0.684 
2 684 0.684 0.684 0.685 0.685 
2 685 0.685 0.685 0.686 0.686 
2 686 0.686 0.686 0.687 0.687 
2 687 0.687 0.687 0.688 0.688 
2 688 0.688 0.688 0.689 0.689 
2 689 0.689 0.689 0.69 0.69 
2 690 0.69 0.69 0.691 0.691 
2 691 0.691 0.691 0.692 0.692 
2 692 0.692 0.692 0.693 0.693 
2 693 0.693 0.693 0.694 0.694 
2 694 0.694 0.694 0.695 0.695 
2 695 0.695 0.695 0.696 0.696 
2 696 0.696 0.696 0.697 0.697 
2 697 0.697 0.697 0.698 0.698 
2 698 0.698 0.698 0.699 0.699 
2 699 0.699 0.699 0.7 0.7 
2 700 0.7 0.7 0.701 0.701 
2 701 0.701 0.701 0.702 0.702 
2 702 0.702 0.702 0.703 0.703 
2 703 0.703 0.703 0.704 0.704 
2 704 0.704 0.704 0.705 0.705 
2 705 0.705 0.705 0.706 0.706 
2 706 0.706 0.706 0.707 0.707 
2 707 0.707 0.707 0.708 0.708 
2 708 0.708 0.708 0.709 0.709 
2 709 0.709 0.709 0.71 0.71 
2 710 0.71 0.71 0.711 0.711 
2 711 0.711 0.711 0.712 0.712 
2 712 0.712 0.712 0.713 0.713 
2 713 0.713 0.713 0.714 0.714 
2 714 0.714 0.714 0.715 0.715 
2 715 0.715 0.715 0.716 0.716 
2 716 0.716 0.716 0.717 0.717 
2 717 0.717 0.717 0.718 0.718 
2 718 0.718 0.718 0.719 0.719 
2 719 0.719 0.719 0.72 0.72 
2 720 0.72 0.72 0.721 0.721 
2 721 0.721 0.721 0.722 0.722 
2 722 0.722 0.722 0.723 0.723 
2 723 0.723 0.723 0.724 0.724 
2 724 0.724 0.724 0.725 0.725 
2 725 0.725 0.725 0.726 0.726 
2 726 0.726 0.726 0.727 0.727 
2 727 0.727 0.727 0.728 0.728 
2 728 0.728 0.728 0.729 0.729 
2 729 0.729 0.729 0.73 0.73 
2 730 0.73 0.73 0.731 0.731 
2 731 0.731 0.731 0.732 0.732 
2 732 0.732 0.732 0.733 0.733 
2 733 0.733 0.733 0.734 0.734 
2 734 0.734 0.734 0.735 0.735 
2 735 0.735 0.735 0.736 0.736 
2 736 0.736 0.736 0.737 0.737 
2 737 0.737 0.737 0.738 0.738 
2 738 0.738 0.738 0.739 0.739 
2 739 0.739 0.739 0.74 0.74 
2 740 0.74 0.74 0.741 0.741 
2 741 0.741 0.741 0.742 0.742 
2 742 0.742 0.742 0.743 0.743 
2 743 0.743 0.743 0.744 0.744 
2 744 0.744 0.744 0.745 0.745 
2 745 0.745 0.745 0.746 0.746 
2 746 0.746 0.746 0.747 0.747 
2 747 0.747 0.747 0.748 0.748 
2 748 0.748 0.748 0.749 0.749 
2 749 0.749 0.749 0.75 0.75 
2 750 0.75 0.75 0.751 0.751 
2 751 0.751 0.751 0.752 0.752 
2 752 0.752 0.752 0.753 0.753 
2 753 0.753 0.753 0.754 0.754 
2 754 0.754 0.754 0.755 0.755 
2 755 0.755 0.755 0.756 0.756 
2 756 0.756 0.756 0.757 0.757 
2 757 0.757 0.757 0.758 0.758 
2 758 0.758 0.758 0.759 0.759 
2 759 0.759 0.759 0.76 0.76 
2 760 0.76 0.76 0.761 0.761 
2 761 0.761 0.761 0.762 0.762 
2 762 0.762 0.762 0.763 0.763 
2 763 0.763 0.763 0.764 0.764 
2 764 0.764 0.764 0.765 0.765 
2 765 0.765 0.765 0.766 0.766 
2 766 0.766 0.766 0.767 0.767 
2 767 0.767 0.767 0.768 0.768 
2 768 0.768 0.768 0.769 0.769 
2 769 0.769 0.769 0.77 0.77 
2 770 0.77 0.77 0.771 0.771 
2 771 0.771 0.771 0.772 0.772 
2 772 0.772 0.772 0.773 0.773 
2 773 0.773 0.773 0.774 0.774 
2 774 0.774 0.774 0.775 0.775 
2 775 0.775 0.775 0.776 0.776 
2 776 0.776 0.776 0.777 0.777 
2 777 0.777 0.777 0.778 0.778 
2 778 0.778 0.778 0.779 0.779 
2 779 0.779 0.779 0.78 0.78 
2 780 0.78 0.78 0.781 0.781 
2 781 0.781 0.781 0.782 0.782 
2 782 0.782 0.782 0.783 0.783 
2 783 0.783 0.783 0.784 0.784 
2 784 0.784 0.784 0.785 0.785 
2 785 0.785 0.785 0.786 0.786 
2 786 0.786 0.786 0.787 0.787 
2 787 0.787 0.787 0.788 0.788 
2 788 0.788 0.788 0.789 0.789 
2 789 0.789 0.789 0.79 0.79 
2 790 0.79 0.79 0.791 0.791 
2 791 0.791 0.791 0.792 0.792 
2 792 0.792 0.792 0.793 0.793 
2 793 0.793 0.793 0.794 0.794 
2 794 0.794 0.794 0.795 0.795 
2 795 0.795 0.795 0.796 0.796 
2 796 0.796 0.796 0.797 0.797 
2 797 0.797 0.797 0.798 0.798 
2 798 0.798 0.798 0.799 0.799 
2 799 0.799 0.799 0.8 0.8 
2 800 0.8 0.8 0.801 0.801 
2 801 0.801 0.801 0.802 0.802 
2 802 0.802 0.802 0.803 0.803 
2 803 0.803 0.803 0.804 0.804 
2 804 0.804 0.804 0.805 0.805 
2 805 0.805 0.805 0.806 0.806 
2 806 0.806 0.806 0.807 0.807 
2 807 0.807 0.807 0.808 0.808 
2 808 0.808 0.808 0.809 0.809 
2 809 0.809 0.809 0.81 0.81 
2 810 0.81 0.81 0.811 0.811 
2 811 0.811 0.811 0.812 0.812 
2 812 0.812 0.812 0.813 0.813 
2 813 0.813 0.813 0.814 0.814 
2 814 0.814 0.814 0.815 0.815 
2 815 0.815 0.815 0.816 0.816 
2 816 0.816 0.816 0.817 0.817 
2 817 0.817 0.817 0.818 0.818 
2 818 0.818 0.818 0.819 0.819 
2 819 0.819 0.819 0.82 0.82 
2 820 0.82 0.82 0.821 0.821 
2 821 0.821 0.821 0.822 0.822 
2 822 0.822 0.822 0.823 0.823 
2 823 0.823 0.823 0.824 0.824 
2 824 0.824 0.824 0.825 0.825 
2 825 0.825 0.825 0.826 0.826 
2 826 0.826 0.826 0.827 0.827 
2 827 0.827 0.827 0.828 0.828 
2 828 0.828 0.828 0.829 0.829 
2 829 0.829 0.829 0.83 0.83 
2 830 0.83 0.83 0.831 0.831 
2 831 0.831 0.831 0.832 0.832 
2 832 0.832 0.832 0.833 0.833 
2 833 0.833 0.833 0.834 0.834 
2 834 0.834 0.834 0.835 0.835 
2 835 0.835 0.835 0.836 0.836 
2 836 0.836 0.836 0.837 0.837 
2 837 0.837 0.837 0.838 0.838 
2 838 0.838 0.838 0.839 0.839 
2 839 0.839 0.839 0.84 0.84 
2 840 0.84 0.84 0.841 0.841 
2 841 0.841 0.841 0.842 0.842 
2 842 0.842 0.842 0.843 0.843 
2 843 0.843 0.843 0.844 0.844 
2 844 0.844 0.844 0.845 0.845 
2 845 0.845 0.845 0.846 0.846 
2 846 0.846 0.846 0.847 0.847 
2 847 0.847 0.847 0.848 0.848 
2 848 0.848 0.848 0.849 0.849 
2 849 0.849 0.849 0.85 0.85 
2 850 0.85 0.85 0.851 0.851 
2 851 0.851 0.851 0.852 0.852 
2 852 0.852 0.852 0.853 0.853 
2 853 0.853 0.853 0.854 0.854 
2 854 0.854 0.854 0.855 0.855 
2 855 0.855 0.855 0.856 0.856 
2 856 0.856 0.856 0.857 0.857 
2 857 0.857 0.857 0.858 0.858 
2 858 0.858 0.858 0.859 0.859 
2 859 0.859 0.859 0.86 0.86 
2 860 0.86 0.86 0.861 0.861 
2 861 0.861 0.861 0.862 0.862 
2 862 0.862 0.862 0.863 0.863 
2 863 0.863 0.863 0.864 0.864 
2 864 0.864 0.864 0.865 0.865 
2 865 0.865 0.865 0.866 0.866 
2 866 0.866 0.866 0.867 0.867 
2 867 0.867 0.867 0.868 0.868 
2 868 0.868 0.868 0.869 0.869 
2 869 0.869 0.869 0.87 0.87 
2 870 0.87 0.87 0.871 0.871 
2 871 0.871 0.871 0.872 0.872 
2 872 0.872 0.872 0.873 0.873 
2 873 0.873 0.873 0.874 0.874 
2 874 0.874 0.874 0.875 0.875 
2 875 0.875 0.875 0.876 0.876 
2 876 0.876 0.876 0.877 0.877 
2 877 0.877 0.877 0.878 0.878 
2 878 0.878 0.878 0.879 0.879 
2 879 0.879 0.879 0.88 0.88 
2 880 0.88 0.88 0.881 0.881 
2 881 0.881 0.881 0.882 0.882 
2 882 0.882 0.882 0.883 0.883 
2 883 0.883 0.883 0.884 0.884 
2 884 0.884 0.884 0.885 0.885 
2 885 0.885 0.885 0.886 0.886 
2 886 0.886 0.886 0.887 0.887 
2 887 0.887 0.887 0.888 0.888 
2 888 0.888 0.888 0.889 0.889 
2 889 0.889 0.889 0.89 0.89 
2 890 0.89 0.89 0.891 0.891 
2 891 0.891 0.891 0.892 0.892 
2 892 0.892 0.892 0.893 0.893 
2 893 0.893 0.893 0.894 0.894 
2 894 0.894 0.894 0.895 0.895 
2 895 0.895 0.895 0.896 0.896 
2 896 0.896 0.896 0.897 0.897 
2 897 0.897 0.897 0.898 0.898 
2 898 0.898 0.898 0.899 0.899 
2 899 0.899 0.899 0.9 0.9 
2 900 0.9 0.9 0.901 0.901 
2 901 0.901 0.901 0.902 0.902 
2 902 0.902 0.902 0.903 0.903 
2 903 0.903 0.903 0.904 0.904 
2 904 0.904 0.904 0.905 0.905 
2 905 0.905 0.905 0.906 0.906 
2 906 0.906 0.906 0.907 0.907 
2 907 0.907 0.907 0.908 0.908 
2 908 0.908 0.908 0.909 0.909 
2 909 0.909 0.909 0.91 0.91 
2 910 0.91 0.91 0.911 0.911 
2 911 0.911 0.911 0.912 0.912 
2 912 0.912 0.912 0.913 0.913 
2 913 0.913 0.913 0.914 0.914 
2 914 0.914 0.914 0.915 0.915 
2 915 0.915 0.915 0.916 0.916 
2 916 0.916 0.916 0.917 0.917 
2 917 0.917 0.917 0.918 0.918 
2 918 0.918 0.918 0.919 0.919 
2 919 0.919 0.919 0.92 0.92 
2 920 0.92 0.92 0.921 0.921 
2 921 0.921 0.921 0.922 0.922 
2 922 0.922 0.922 0.923 0.923 
2 923 0.923 0.923 0.924 0.924 
2 924 0.924 0.924 0.925 0.925 
2 925 0.925 0.925 0.926 0.926 
2 926 0.926 0.926 0.927 0.927 
2 927 0.927 0.927 0.928 0.928 
2 928 0.928 0.928 0.929 0.929 
2 929 0.929 0.929 0.93 0.93 
2 930 0.93 0.93 0.931 0.931 
2 931 0.931 0.931 0.932 0.932 
2 932 0.932 0.932 0.933 0.933 
2 933 0.933 0.933 0.934 0.934 
2 934 0.934 0.934 0.935 0.935 
2 935 0.935 0.935 0.936 0.936 
2 936 0.936 0.936 0.937 0.937 
2 937 0.937 0.937 0.938 0.938 
2 938 0.938 0.938 0.939 0.939 
2 939 0.939 0.939 0.94 0.94 
2 940 0.94 0.94 0.941 0.941 
2 941 0.941 0.941 0.942 0.942 
2 942 0.942 0.942 0.943 0.943 
2 943 0.943 0.943 0.944 0.944 
2 944 0.944 0.944 0.945 0.945 
2 945 0.945 0.945 0.946 0.946 
2 946 0.946 0.946 0.947 0.947 
2 947 0.947 0.947 0.948 0.948 
2 948 0.948 0.948 0.949 0.949 
2 949 0.949 0.949 0.95 0.95 
2 950 0.95 0.95 0.951 0.951 
2 951 0.951 0.951 0.952 0.952 
2 952 0.952 0.952 0.953 0.953 
2 953 0.953 0.953 0.954 0.954 
2 954 0.954 0.954 0.955 0.955 
2 955 0.955 0.955 0.956 0.956 
2 956 0.956 0.956 0.957 0.957 
2 957 0.957 0.957 0.958 0.958 
2 958 0.958 0.958 0.959 0.959 
2 959 0.959 0.959 0.96 0.96 
2 960 0.96 0.96 0.961 0.961 
2 961 0.961 0.961 0.962 0.962 
2 962 0.962 0.962 0.963 0.963 
2 963 0.963 0.963 0.964 0.964 
2 964 0.964 0.964 0.965 0.965 
2 965 0.965 0.965 0.966 0.966 
2 966 0.966 0.966 0.967 0.967 
2 967 0.967 0.967 0.968 0.968 
2 968 0.968 0.968 0.969 0.969 
2 969 0.969 0.969 0.97 0.97 
2 970 0.97 0.97 0.971 0.971 
2 971 0.971 0.971 0.972 0.972 
2 972 0.972 0.972 0.973 0.973 
2 973 0.973 0.973 0.974 0.974 
2 974 0.974 0.974 0.975 0.975 
2 975 0.975 0.975 0.976 0.976 
2 976 0.976 0.976 0.977 0.977 
2 977 0.977 0.977 0.978 0.978 
2 978 0.978 0.978 0.979 0.979 
2 979 0.979 0.979 0.98 0.98 
2 980 0.98 0.98 0.981 0.981 
2 981 0.981 0.981 0.982 0.982 
2 982 0.982 0.982 0.983 0.983 
2 983 0.983 0.983 0.984 0.984 
2 984 0.984 0.984 0.985 0.985 
2 985 0.985 0.985 0.986 0.986 
2 986 0.986 0.986 0.987 0.987 
2 987 0.987 0.987 0.988 0.988 
2 988 0.988 0.988 0.989 0.989 
2 989 0.989 0.989 0.99 0.99 
2 990 0.99 0.99 0.991 0.991 
2 991 0.991 0.991 0.992 0.992 
2 992 0.992 0.992 0.993 0.993 
2 993 0.993 0.993 0.994 0.994 
2 994 0.994 0.994 0.995 0.995 
2 995 0.995 0.995 0.996 0.996 
2 996 0.996 0.996 0.997 0.997 
2 997 0.997 0.997 0.998 0.998 
2 998 0.998 0.998 0.999 0.999 
2 999 0.999 0.999 1 1 
2 1000 1 1 1.001 1.001 
