2 0 0.131538 0.45865 0.331538 0.65865 
2 1 0.132038 0.45915 0.331038 0.65815 
2 2 0.132538 0.45965 0.330538 0.65765 
2 3 0.133038 0.46015 0.330038 0.65715 
2 4 0.133538 0.46065 0.329538 0.65665 
2 5 0.134038 0.46115 0.329038 0.65615 
2 6 0.134538 0.46165 0.328538 0.65565 
2 7 0.135038 0.46215 0.328038 0.65515 
2 8 0.135538 0.46265 0.327538 0.65465 
2 9 0.136038 0.46315 0.327038 0.65415 
2 10 0.136538 0.46365 0.326538 0.65365 
2 11 0.137038 0.46415 0.326038 0.65315 
2 12 0.137538 0.46465 0.325538 0.65265 
2 13 0.138038 0.46515 0.325038 0.65215 
2 14 0.138538 0.46565 0.324538 0.65165 
2 15 0.139038 0.46615 0.324038 0.65115 
2 16 0.139538 0.46665 0.323538 0.65065 
2 17 0.140038 0.46715 0.323038 0.65015 
2 18 0.140538 0.46765 0.322538 0.64965 
2 19 0.141038 0.46815 0.322038 0.64915 
2 20 0.141538 0.46865 0.321538 0.64865 
2 21 0.142038 0.46915 0.321038 0.64815 
2 22 0.142538 0.46965 0.320538 0.64765 
2 23 0.143038 0.47015 0.320038 0.64715 
2 24 0.143538 0.47065 0.319538 0.64665 
2 25 0.144038 0.47115 0.319038 0.64615 
2 26 0.144538 0.47165 0.318538 0.64565 
2 27 0.145038 0.47215 0.318038 0.64515 
2 28 0.145538 0.47265 0.317538 0.64465 
2 29 0.146038 0.47315 0.317038 0.64415 
2 30 0.146538 0.47365 0.316538 0.64365 
2 31 0.147038 0.47415 0.316038 0.64315 
2 32 0.147538 0.47465 0.315538 0.64265 
2 33 0.148038 0.47515 0.315038 0.64215 
2 34 0.148538 0.47565 0.314538 0.64165 
2 35 0.149038 0.47615 0.314038 0.64115 
2 36 0.149538 0.47665 0.313538 0.64065 
2 37 0.150038 0.47715 0.313038 0.64015 
2 38 0.150538 0.47765 0.312538 0.63965 
2 39 0.151038 0.47815 0.312038 0.63915 
2 40 0.151538 0.47865 0.311538 0.63865 
2 41 0.152038 0.47915 0.311038 0.63815 
2 42 0.152538 0.47965 0.310538 0.63765 
2 43 0.153038 0.48015 0.310038 0.63715 
2 44 0.153538 0.48065 0.309538 0.63665 
2 45 0.154038 0.48115 0.309038 0.63615 
2 46 0.154538 0.48165 0.308538 0.63565 
2 47 0.155038 0.48215 0.308038 0.63515 
2 48 0.155538 0.48265 0.307538 0.63465 
2 49 0.156038 0.48315 0.307038 0.63415 
2 50 0.156538 0.48365 0.306538 0.63365 
2 51 0.157038 0.48415 0.306038 0.63315 
2 52 0.157538 0.48465 0.305538 0.63265 
2 53 0.158038 0.48515 0.305038 0.63215 
2 54 0.158538 0.48565 0.304538 0.63165 
2 55 0.159038 0.48615 0.304038 0.63115 
2 56 0.159538 0.48665 0.303538 0.63065 
2 57 0.160038 0.48715 0.303038 0.63015 
2 58 0.160538 0.48765 0.302538 0.62965 
2 59 0.161038 0.48815 0.302038 0.62915 
2 60 0.161538 0.48865 0.301538 0.62865 
2 61 0.162038 0.48915 0.301038 0.62815 
2 62 0.162538 0.48965 0.300538 0.62765 
2 63 0.163038 0.49015 0.300038 0.62715 
2 64 0.163538 0.49065 0.299538 0.62665 
2 65 0.164038 0.49115 0.299038 0.62615 
2 66 0.164538 0.49165 0.298538 0.62565 
2 67 0.165038 0.49215 0.298038 0.62515 
2 68 0.165538 0.49265 0.297538 0.62465 
2 69 0.166038 0.49315 0.297038 0.62415 
2 70 0.166538 0.49365 0.296538 0.62365 
2 71 0.167038 0.49415 0.296038 0.62315 
2 72 0.167538 0.49465 0.295538 0.62265 
2 73 0.168038 0.49515 0.295038 0.62215 
2 74 0.168538 0.49565 0.294538 0.62165 
2 75 0.169038 0.49615 0.294038 0.62115 
2 76 0.169538 0.49665 0.293538 0.62065 
2 77 0.170038 0.49715 0.293038 0.62015 
2 78 0.170538 0.49765 0.292538 0.61965 
2 79 0.171038 0.49815 0.292038 0.61915 
2 80 0.171538 0.49865 0.291538 0.61865 
2 81 0.172038 0.49915 0.291038 0.61815 
2 82 0.172538 0.49965 0.290538 0.61765 
2 83 0.173038 0.50015 0.290038 0.61715 
2 84 0.173538 0.50065 0.289538 0.61665 
2 85 0.174038 0.50115 0.289038 0.61615 
2 86 0.174538 0.50165 0.288538 0.61565 
2 87 0.175038 0.50215 0.288038 0.61515 
2 88 0.175538 0.50265 0.287538 0.61465 
2 89 0.176038 0.50315 0.287038 0.61415 
2 90 0.176538 0.50365 0.286538 0.61365 
2 91 0.177038 0.50415 0.286038 0.61315 
2 92 0.177538 0.50465 0.285538 0.61265 
2 93 0.178038 0.50515 0.285038 0.61215 
2 94 0.178538 0.50565 0.284538 0.61165 
2 95 0.179038 0.50615 0.284038 0.61115 
2 96 0.179538 0.50665 0.283538 0.61065 
2 97 0.180038 0.50715 0.283038 0.61015 
2 98 0.180538 0.50765 0.282538 0.60965 
2 99 0.181038 0.50815 0.282038 0.60915 
2 100 0.181538 0.50865 0.281538 0.60865 
2 101 0.182038 0.50915 0.281038 0.60815 
2 102 0.182538 0.50965 0.280538 0.60765 
2 103 0.183038 0.51015 0.280038 0.60715 
2 104 0.183538 0.51065 0.279538 0.60665 
2 105 0.184038 0.51115 0.279038 0.60615 
2 106 0.184538 0.51165 0.278538 0.60565 
2 107 0.185038 0.51215 0.278038 0.60515 
2 108 0.185538 0.51265 0.277538 0.60465 
2 109 0.186038 0.51315 0.277038 0.60415 
2 110 0.186538 0.51365 0.276538 0.60365 
2 111 0.187038 0.51415 0.276038 0.60315 
2 112 0.187538 0.51465 0.275538 0.60265 
2 113 0.188038 0.51515 0.275038 0.60215 
2 114 0.188538 0.51565 0.274538 0.60165 
2 115 0.189038 0.51615 0.274038 0.60115 
2 116 0.189538 0.51665 0.273538 0.60065 
2 117 0.190038 0.51715 0.273038 0.60015 
2 118 0.190538 0.51765 0.272538 0.59965 
2 119 0.191038 0.51815 0.272038 0.59915 
2 120 0.191538 0.51865 0.271538 0.59865 
2 121 0.192038 0.51915 0.271038 0.59815 
2 122 0.192538 0.51965 0.270538 0.59765 
2 123 0.193038 0.52015 0.270038 0.59715 
2 124 0.193538 0.52065 0.269538 0.59665 
2 125 0.194038 0.52115 0.269038 0.59615 
2 126 0.194538 0.52165 0.268538 0.59565 
2 127 0.195038 0.52215 0.268038 0.59515 
2 128 0.195538 0.52265 0.267538 0.59465 
2 129 0.196038 0.52315 0.267038 0.59415 
2 130 0.196538 0.52365 0.266538 0.59365 
2 131 0.197038 0.52415 0.266038 0.59315 
2 132 0.197538 0.52465 0.265538 0.59265 
2 133 0.198038 0.52515 0.265038 0.59215 
2 134 0.198538 0.52565 0.264538 0.59165 
2 135 0.199038 0.52615 0.264038 0.59115 
2 136 0.199538 0.52665 0.263538 0.59065 
2 137 0.200038 0.52715 0.263038 0.59015 
2 138 0.200538 0.52765 0.262538 0.58965 
2 139 0.201038 0.52815 0.262038 0.58915 
2 140 0.201538 0.52865 0.261538 0.58865 
2 141 0.202038 0.52915 0.261038 0.58815 
2 142 0.202538 0.52965 0.260538 0.58765 
2 143 0.203038 0.53015 0.260038 0.58715 
2 144 0.203538 0.53065 0.259538 0.58665 
2 145 0.204038 0.53115 0.259038 0.58615 
2 146 0.204538 0.53165 0.258538 0.58565 
2 147 0.205038 0.53215 0.258038 0.58515 
2 148 0.205538 0.53265 0.257538 0.58465 
2 149 0.206038 0.53315 0.257038 0.58415 
2 150 0.206538 0.53365 0.256538 0.58365 
2 151 0.207038 0.53415 0.256038 0.58315 
2 152 0.207538 0.53465 0.255538 0.58265 
2 153 0.208038 0.53515 0.255038 0.58215 
2 154 0.208538 0.53565 0.254538 0.58165 
2 155 0.209038 0.53615 0.254038 0.58115 
2 156 0.209538 0.53665 0.253538 0.58065 
2 157 0.210038 0.53715 0.253038 0.58015 
2 158 0.210538 0.53765 0.252538 0.57965 
2 159 0.211038 0.53815 0.252038 0.57915 
2 160 0.211538 0.53865 0.251538 0.57865 
2 161 0.212038 0.53915 0.251038 0.57815 
2 162 0.212538 0.53965 0.250538 0.57765 
2 163 0.213038 0.54015 0.250038 0.57715 
2 164 0.213538 0.54065 0.249538 0.57665 
2 165 0.214038 0.54115 0.249038 0.57615 
2 166 0.214538 0.54165 0.248538 0.57565 
2 167 0.215038 0.54215 0.248038 0.57515 
2 168 0.215538 0.54265 0.247538 0.57465 
2 169 0.216038 0.54315 0.247038 0.57415 
2 170 0.216538 0.54365 0.246538 0.57365 
2 171 0.217038 0.54415 0.246038 0.57315 
2 172 0.217538 0.54465 0.245538 0.57265 
2 173 0.218038 0.54515 0.245038 0.57215 
2 174 0.218538 0.54565 0.244538 0.57165 
2 175 0.219038 0.54615 0.244038 0.57115 
2 176 0.219538 0.54665 0.243538 0.57065 
2 177 0.220038 0.54715 0.243038 0.57015 
2 178 0.220538 0.54765 0.242538 0.56965 
2 179 0.221038 0.54815 0.242038 0.56915 
2 180 0.221538 0.54865 0.241538 0.56865 
2 181 0.222038 0.54915 0.241038 0.56815 
2 182 0.222538 0.54965 0.240538 0.56765 
2 183 0.223038 0.55015 0.240038 0.56715 
2 184 0.223538 0.55065 0.239538 0.56665 
2 185 0.224038 0.55115 0.239038 0.56615 
2 186 0.224538 0.55165 0.238538 0.56565 
2 187 0.225038 0.55215 0.238038 0.56515 
2 188 0.225538 0.55265 0.237538 0.56465 
2 189 0.226038 0.55315 0.237038 0.56415 
2 190 0.226538 0.55365 0.236538 0.56365 
2 191 0.227038 0.55415 0.236038 0.56315 
2 192 0.227538 0.55465 0.235538 0.56265 
2 193 0.228038 0.55515 0.235038 0.56215 
2 194 0.228538 0.55565 0.234538 0.56165 
2 195 0.229038 0.55615 0.234038 0.56115 
2 196 0.229538 0.55665 0.233538 0.56065 
2 197 0.230038 0.55715 0.233038 0.56015 
2 198 0.230538 0.55765 0.232538 0.55965 
2 199 0.231038 0.55815 0.232038 0.55915 
2 200 0.231538 0.55865 0.231538 0.55865 
2 201 0.218959 0.678865 0.418959 0.878865 
2 202 0.219459 0.679365 0.418459 0.878365 
2 203 0.219959 0.679865 0.417959 0.877865 
2 204 0.220459 0.680365 0.417459 0.877365 
2 205 0.220959 0.680865 0.416959 0.876865 
2 206 0.221459 0.681365 0.416459 0.876365 
2 207 0.221959 0.681865 0.415959 0.875865 
2 208 0.222459 0.682365 0.415459 0.875365 
2 209 0.222959 0.682865 0.414959 0.874865 
2 210 0.223459 0.683365 0.414459 0.874365 
2 211 0.223959 0.683865 0.413959 0.873865 
2 212 0.224459 0.684365 0.413459 0.873365 
2 213 0.224959 0.684865 0.412959 0.872865 
2 214 0.225459 0.685365 0.412459 0.872365 
2 215 0.225959 0.685865 0.411959 0.871865 
2 216 0.226459 0.686365 0.411459 0.871365 
2 217 0.226959 0.686865 0.410959 0.870865 
2 218 0.227459 0.687365 0.410459 0.870365 
2 219 0.227959 0.687865 0.409959 0.869865 
2 220 0.228459 0.688365 0.409459 0.869365 
2 221 0.228959 0.688865 0.408959 0.868865 
2 222 0.229459 0.689365 0.408459 0.868365 
2 223 0.229959 0.689865 0.407959 0.867865 
2 224 0.230459 0.690365 0.407459 0.867365 
2 225 0.230959 0.690865 0.406959 0.866865 
2 226 0.231459 0.691365 0.406459 0.866365 
2 227 0.231959 0.691865 0.405959 0.865865 
2 228 0.232459 0.692365 0.405459 0.865365 
2 229 0.232959 0.692865 0.404959 0.864865 
2 230 0.233459 0.693365 0.404459 0.864365 
2 231 0.233959 0.693865 0.403959 0.863865 
2 232 0.234459 0.694365 0.403459 0.863365 
2 233 0.234959 0.694865 0.402959 0.862865 
2 234 0.235459 0.695365 0.402459 0.862365 
2 235 0.235959 0.695865 0.401959 0.861865 
2 236 0.236459 0.696365 0.401459 0.861365 
2 237 0.236959 0.696865 0.400959 0.860865 
2 238 0.237459 0.697365 0.400459 0.860365 
2 239 0.237959 0.697865 0.399959 0.859865 
2 240 0.238459 0.698365 0.399459 0.859365 
2 241 0.238959 0.698865 0.398959 0.858865 
2 242 0.239459 0.699365 0.398459 0.858365 
2 243 0.239959 0.699865 0.397959 0.857865 
2 244 0.240459 0.700365 0.397459 0.857365 
2 245 0.240959 0.700865 0.396959 0.856865 
2 246 0.241459 0.701365 0.396459 0.856365 
2 247 0.241959 0.701865 0.395959 0.855865 
2 248 0.242459 0.702365 0.395459 0.855365 
2 249 0.242959 0.702865 0.394959 0.854865 
2 250 0.243459 0.703365 0.394459 0.854365 
2 251 0.243959 0.703865 0.393959 0.853865 
2 252 0.244459 0.704365 0.393459 0.853365 
2 253 0.244959 0.704865 0.392959 0.852865 
2 254 0.245459 0.705365 0.392459 0.852365 
2 255 0.245959 0.705865 0.391959 0.851865 
2 256 0.246459 0.706365 0.391459 0.851365 
2 257 0.246959 0.706865 0.390959 0.850865 
2 258 0.247459 0.707365 0.390459 0.850365 
2 259 0.247959 0.707865 0.389959 0.849865 
2 260 0.248459 0.708365 0.389459 0.849365 
2 261 0.248959 0.708865 0.388959 0.848865 
2 262 0.249459 0.709365 0.388459 0.848365 
2 263 0.249959 0.709865 0.387959 0.847865 
2 264 0.250459 0.710365 0.387459 0.847365 
2 265 0.250959 0.710865 0.386959 0.846865 
2 266 0.251459 0.711365 0.386459 0.846365 
2 267 0.251959 0.711865 0.385959 0.845865 
2 268 0.252459 0.712365 0.385459 0.845365 
2 269 0.252959 0.712865 0.384959 0.844865 
2 270 0.253459 0.713365 0.384459 0.844365 
2 271 0.253959 0.713865 0.383959 0.843865 
2 272 0.254459 0.714365 0.383459 0.843365 
2 273 0.254959 0.714865 0.382959 0.842865 
2 274 0.255459 0.715365 0.382459 0.842365 
2 275 0.255959 0.715865 0.381959 0.841865 
2 276 0.256459 0.716365 0.381459 0.841365 
2 277 0.256959 0.716865 0.380959 0.840865 
2 278 0.257459 0.717365 0.380459 0.840365 
2 279 0.257959 0.717865 0.379959 0.839865 
2 280 0.258459 0.718365 0.379459 0.839365 
2 281 0.258959 0.718865 0.378959 0.838865 
2 282 0.259459 0.719365 0.378459 0.838365 
2 283 0.259959 0.719865 0.377959 0.837865 
2 284 0.260459 0.720365 0.377459 0.837365 
2 285 0.260959 0.720865 0.376959 0.836865 
2 286 0.261459 0.721365 0.376459 0.836365 
2 287 0.261959 0.721865 0.375959 0.835865 
2 288 0.262459 0.722365 0.375459 0.835365 
2 289 0.262959 0.722865 0.374959 0.834865 
2 290 0.263459 0.723365 0.374459 0.834365 
2 291 0.263959 0.723865 0.373959 0.833865 
2 292 0.264459 0.724365 0.373459 0.833365 
2 293 0.264959 0.724865 0.372959 0.832865 
2 294 0.265459 0.725365 0.372459 0.832365 
2 295 0.265959 0.725865 0.371959 0.831865 
2 296 0.266459 0.726365 0.371459 0.831365 
2 297 0.266959 0.726865 0.370959 0.830865 
2 298 0.267459 0.727365 0.370459 0.830365 
2 299 0.267959 0.727865 0.369959 0.829865 
2 300 0.268459 0.728365 0.369459 0.829365 
2 301 0.268959 0.728865 0.368959 0.828865 
2 302 0.269459 0.729365 0.368459 0.828365 
2 303 0.269959 0.729865 0.367959 0.827865 
2 304 0.270459 0.730365 0.367459 0.827365 
2 305 0.270959 0.730865 0.366959 0.826865 
2 306 0.271459 0.731365 0.366459 0.826365 
2 307 0.271959 0.731865 0.365959 0.825865 
2 308 0.272459 0.732365 0.365459 0.825365 
2 309 0.272959 0.732865 0.364959 0.824865 
2 310 0.273459 0.733365 0.364459 0.824365 
2 311 0.273959 0.733865 0.363959 0.823865 
2 312 0.274459 0.734365 0.363459 0.823365 
2 313 0.274959 0.734865 0.362959 0.822865 
2 314 0.275459 0.735365 0.362459 0.822365 
2 315 0.275959 0.735865 0.361959 0.821865 
2 316 0.276459 0.736365 0.361459 0.821365 
2 317 0.276959 0.736865 0.360959 0.820865 
2 318 0.277459 0.737365 0.360459 0.820365 
2 319 0.277959 0.737865 0.359959 0.819865 
2 320 0.278459 0.738365 0.359459 0.819365 
2 321 0.278959 0.738865 0.358959 0.818865 
2 322 0.279459 0.739365 0.358459 0.818365 
2 323 0.279959 0.739865 0.357959 0.817865 
2 324 0.280459 0.740365 0.357459 0.817365 
2 325 0.280959 0.740865 0.356959 0.816865 
2 326 0.281459 0.741365 0.356459 0.816365 
2 327 0.281959 0.741865 0.355959 0.815865 
2 328 0.282459 0.742365 0.355459 0.815365 
2 329 0.282959 0.742865 0.354959 0.814865 
2 330 0.283459 0.743365 0.354459 0.814365 
2 331 0.283959 0.743865 0.353959 0.813865 
2 332 0.284459 0.744365 0.353459 0.813365 
2 333 0.284959 0.744865 0.352959 0.812865 
2 334 0.285459 0.745365 0.352459 0.812365 
2 335 0.285959 0.745865 0.351959 0.811865 
2 336 0.286459 0.746365 0.351459 0.811365 
2 337 0.286959 0.746865 0.350959 0.810865 
2 338 0.287459 0.747365 0.350459 0.810365 
2 339 0.287959 0.747865 0.349959 0.809865 
2 340 0.288459 0.748365 0.349459 0.809365 
2 341 0.288959 0.748865 0.348959 0.808865 
2 342 0.289459 0.749365 0.348459 0.808365 
2 343 0.289959 0.749865 0.347959 0.807865 
2 344 0.290459 0.750365 0.347459 0.807365 
2 345 0.290959 0.750865 0.346959 0.806865 
2 346 0.291459 0.751365 0.346459 0.806365 
2 347 0.291959 0.751865 0.345959 0.805865 
2 348 0.292459 0.752365 0.345459 0.805365 
2 349 0.292959 0.752865 0.344959 0.804865 
2 350 0.293459 0.753365 0.344459 0.804365 
2 351 0.293959 0.753865 0.343959 0.803865 
2 352 0.294459 0.754365 0.343459 0.803365 
2 353 0.294959 0.754865 0.342959 0.802865 
2 354 0.295459 0.755365 0.342459 0.802365 
2 355 0.295959 0.755865 0.341959 0.801865 
2 356 0.296459 0.756365 0.341459 0.801365 
2 357 0.296959 0.756865 0.340959 0.800865 
2 358 0.297459 0.757365 0.340459 0.800365 
2 359 0.297959 0.757865 0.339959 0.799865 
2 360 0.298459 0.758365 0.339459 0.799365 
2 361 0.298959 0.758865 0.338959 0.798865 
2 362 0.299459 0.759365 0.338459 0.798365 
2 363 0.299959 0.759865 0.337959 0.797865 
2 364 0.300459 0.760365 0.337459 0.797365 
2 365 0.300959 0.760865 0.336959 0.796865 
2 366 0.301459 0.761365 0.336459 0.796365 
2 367 0.301959 0.761865 0.335959 0.795865 
2 368 0.302459 0.762365 0.335459 0.795365 
2 369 0.302959 0.762865 0.334959 0.794865 
2 370 0.303459 0.763365 0.334459 0.794365 
2 371 0.303959 0.763865 0.333959 0.793865 
2 372 0.304459 0.764365 0.333459 0.793365 
2 373 0.304959 0.764865 0.332959 0.792865 
2 374 0.305459 0.765365 0.332459 0.792365 
2 375 0.305959 0.765865 0.331959 0.791865 
2 376 0.306459 0.766365 0.331459 0.791365 
2 377 0.306959 0.766865 0.330959 0.790865 
2 378 0.307459 0.767365 0.330459 0.790365 
2 379 0.307959 0.767865 0.329959 0.789865 
2 380 0.308459 0.768365 0.329459 0.789365 
2 381 0.308959 0.768865 0.328959 0.788865 
2 382 0.309459 0.769365 0.328459 0.788365 
2 383 0.309959 0.769865 0.327959 0.787865 
2 384 0.310459 0.770365 0.327459 0.787365 
2 385 0.310959 0.770865 0.326959 0.786865 
2 386 0.311459 0.771365 0.326459 0.786365 
2 387 0.311959 0.771865 0.325959 0.785865 
2 388 0.312459 0.772365 0.325459 0.785365 
2 389 0.312959 0.772865 0.324959 0.784865 
2 390 0.313459 0.773365 0.324459 0.784365 
2 391 0.313959 0.773865 0.323959 0.783865 
2 392 0.314459 0.774365 0.323459 0.783365 
2 393 0.314959 0.774865 0.322959 0.782865 
2 394 0.315459 0.775365 0.322459 0.782365 
2 395 0.315959 0.775865 0.321959 0.781865 
2 396 0.316459 0.776365 0.321459 0.781365 
2 397 0.316959 0.776865 0.320959 0.780865 
2 398 0.317459 0.777365 0.320459 0.780365 
2 399 0.317959 0.777865 0.319959 0.779865 
2 400 0.318459 0.778365 0.319459 0.779365 
2 401 0.318959 0.778865 0.318959 0.778865 
2 402 0.934693 0.519416 1.13469 0.719416 
2 403 0.935193 0.519916 1.13419 0.718916 
2 404 0.935693 0.520416 1.13369 0.718416 
2 405 0.936193 0.520916 1.13319 0.717916 
2 406 0.936693 0.521416 1.13269 0.717416 
2 407 0.937193 0.521916 1.13219 0.716916 
2 408 0.937693 0.522416 1.13169 0.716416 
2 409 0.938193 0.522916 1.13119 0.715916 
2 410 0.938693 0.523416 1.13069 0.715416 
2 411 0.939193 0.523916 1.13019 0.714916 
2 412 0.939693 0.524416 1.12969 0.714416 
2 413 0.940193 0.524916 1.12919 0.713916 
2 414 0.940693 0.525416 1.12869 0.713416 
2 415 0.941193 0.525916 1.12819 0.712916 
2 416 0.941693 0.526416 1.12769 0.712416 
2 417 0.942193 0.526916 1.12719 0.711916 
2 418 0.942693 0.527416 1.12669 0.711416 
2 419 0.943193 0.527916 1.12619 0.710916 
2 420 0.943693 0.528416 1.12569 0.710416 
2 421 0.944193 0.528916 1.12519 0.709916 
2 422 0.944693 0.529416 1.12469 0.709416 
2 423 0.945193 0.529916 1.12419 0.708916 
2 424 0.945693 0.530416 1.12369 0.708416 
2 425 0.946193 0.530916 1.12319 0.707916 
2 426 0.946693 0.531416 1.12269 0.707416 
2 427 0.947193 0.531916 1.12219 0.706916 
2 428 0.947693 0.532416 1.12169 0.706416 
2 429 0.948193 0.532916 1.12119 0.705916 
2 430 0.948693 0.533416 1.12069 0.705416 
2 431 0.949193 0.533916 1.12019 0.704916 
2 432 0.949693 0.534416 1.11969 0.704416 
2 433 0.950193 0.534916 1.11919 0.703916 
2 434 0.950693 0.535416 1.11869 0.703416 
2 435 0.951193 0.535916 1.11819 0.702916 
2 436 0.951693 0.536416 1.11769 0.702416 
2 437 0.952193 0.536916 1.11719 0.701916 
2 438 0.952693 0.537416 1.11669 0.701416 
2 439 0.953193 0.537916 1.11619 0.700916 
2 440 0.953693 0.538416 1.11569 0.700416 
2 441 0.954193 0.538916 1.11519 0.699916 
2 442 0.954693 0.539416 1.11469 0.699416 
2 443 0.955193 0.539916 1.11419 0.698916 
2 444 0.955693 0.540416 1.11369 0.698416 
2 445 0.956193 0.540916 1.11319 0.697916 
2 446 0.956693 0.541416 1.11269 0.697416 
2 447 0.957193 0.541916 1.11219 0.696916 
2 448 0.957693 0.542416 1.11169 0.696416 
2 449 0.958193 0.542916 1.11119 0.695916 
2 450 0.958693 0.543416 1.11069 0.695416 
2 451 0.959193 0.543916 1.11019 0.694916 
2 452 0.959693 0.544416 1.10969 0.694416 
2 453 0.960193 0.544916 1.10919 0.693916 
2 454 0.960693 0.545416 1.10869 0.693416 
2 455 0.961193 0.545916 1.10819 0.692916 
2 456 0.961693 0.546416 1.10769 0.692416 
2 457 0.962193 0.546916 1.10719 0.691916 
2 458 0.962693 0.547416 1.10669 0.691416 
2 459 0.963193 0.547916 1.10619 0.690916 
2 460 0.963693 0.548416 1.10569 0.690416 
2 461 0.964193 0.548916 1.10519 0.689916 
2 462 0.964693 0.549416 1.10469 0.689416 
2 463 0.965193 0.549916 1.10419 0.688916 
2 464 0.965693 0.550416 1.10369 0.688416 
2 465 0.966193 0.550916 1.10319 0.687916 
2 466 0.966693 0.551416 1.10269 0.687416 
2 467 0.967193 0.551916 1.10219 0.686916 
2 468 0.967693 0.552416 1.10169 0.686416 
2 469 0.968193 0.552916 1.10119 0.685916 
2 470 0.968693 0.553416 1.10069 0.685416 
2 471 0.969193 0.553916 1.10019 0.684916 
2 472 0.969693 0.554416 1.09969 0.684416 
2 473 0.970193 0.554916 1.09919 0.683916 
2 474 0.970693 0.555416 1.09869 0.683416 
2 475 0.971193 0.555916 1.09819 0.682916 
2 476 0.971693 0.556416 1.09769 0.682416 
2 477 0.972193 0.556916 1.09719 0.681916 
2 478 0.972693 0.557416 1.09669 0.681416 
2 479 0.973193 0.557916 1.09619 0.680916 
2 480 0.973693 0.558416 1.09569 0.680416 
2 481 0.974193 0.558916 1.09519 0.679916 
2 482 0.974693 0.559416 1.09469 0.679416 
2 483 0.975193 0.559916 1.09419 0.678916 
2 484 0.975693 0.560416 1.09369 0.678416 
2 485 0.976193 0.560916 1.09319 0.677916 
2 486 0.976693 0.561416 1.09269 0.677416 
2 487 0.977193 0.561916 1.09219 0.676916 
2 488 0.977693 0.562416 1.09169 0.676416 
2 489 0.978193 0.562916 1.09119 0.675916 
2 490 0.978693 0.563416 1.09069 0.675416 
2 491 0.979193 0.563916 1.09019 0.674916 
2 492 0.979693 0.564416 1.08969 0.674416 
2 493 0.980193 0.564916 1.08919 0.673916 
2 494 0.980693 0.565416 1.08869 0.673416 
2 495 0.981193 0.565916 1.08819 0.672916 
2 496 0.981693 0.566416 1.08769 0.672416 
2 497 0.982193 0.566916 1.08719 0.671916 
2 498 0.982693 0.567416 1.08669 0.671416 
2 499 0.983193 0.567916 1.08619 0.670916 
2 500 0.983693 0.568416 1.08569 0.670416 
2 501 0.984193 0.568916 1.08519 0.669916 
2 502 0.984693 0.569416 1.08469 0.669416 
2 503 0.985193 0.569916 1.08419 0.668916 
2 504 0.985693 0.570416 1.08369 0.668416 
2 505 0.986193 0.570916 1.08319 0.667916 
2 506 0.986693 0.571416 1.08269 0.667416 
2 507 0.987193 0.571916 1.08219 0.666916 
2 508 0.987693 0.572416 1.08169 0.666416 
2 509 0.988193 0.572916 1.08119 0.665916 
2 510 0.988693 0.573416 1.08069 0.665416 
2 511 0.989193 0.573916 1.08019 0.664916 
2 512 0.989693 0.574416 1.07969 0.664416 
2 513 0.990193 0.574916 1.07919 0.663916 
2 514 0.990693 0.575416 1.07869 0.663416 
2 515 0.991193 0.575916 1.07819 0.662916 
2 516 0.991693 0.576416 1.07769 0.662416 
2 517 0.992193 0.576916 1.07719 0.661916 
2 518 0.992693 0.577416 1.07669 0.661416 
2 519 0.993193 0.577916 1.07619 0.660916 
2 520 0.993693 0.578416 1.07569 0.660416 
2 521 0.994193 0.578916 1.07519 0.659916 
2 522 0.994693 0.579416 1.07469 0.659416 
2 523 0.995193 0.579916 1.07419 0.658916 
2 524 0.995693 0.580416 1.07369 0.658416 
2 525 0.996193 0.580916 1.07319 0.657916 
2 526 0.996693 0.581416 1.07269 0.657416 
2 527 0.997193 0.581916 1.07219 0.656916 
2 528 0.997693 0.582416 1.07169 0.656416 
2 529 0.998193 0.582916 1.07119 0.655916 
2 530 0.998693 0.583416 1.07069 0.655416 
2 531 0.999193 0.583916 1.07019 0.654916 
2 532 0.999693 0.584416 1.06969 0.654416 
2 533 1.00019 0.584916 1.06919 0.653916 
2 534 1.00069 0.585416 1.06869 0.653416 
2 535 1.00119 0.585916 1.06819 0.652916 
2 536 1.00169 0.586416 1.06769 0.652416 
2 537 1.00219 0.586916 1.06719 0.651916 
2 538 1.00269 0.587416 1.06669 0.651416 
2 539 1.00319 0.587916 1.06619 0.650916 
2 540 1.00369 0.588416 1.06569 0.650416 
2 541 1.00419 0.588916 1.06519 0.649916 
2 542 1.00469 0.589416 1.06469 0.649416 
2 543 1.00519 0.589916 1.06419 0.648916 
2 544 1.00569 0.590416 1.06369 0.648416 
2 545 1.00619 0.590916 1.06319 0.647916 
2 546 1.00669 0.591416 1.06269 0.647416 
2 547 1.00719 0.591916 1.06219 0.646916 
2 548 1.00769 0.592416 1.06169 0.646416 
2 549 1.00819 0.592916 1.06119 0.645916 
2 550 1.00869 0.593416 1.06069 0.645416 
2 551 1.00919 0.593916 1.06019 0.644916 
2 552 1.00969 0.594416 1.05969 0.644416 
2 553 1.01019 0.594916 1.05919 0.643916 
2 554 1.01069 0.595416 1.05869 0.643416 
2 555 1.01119 0.595916 1.05819 0.642916 
2 556 1.01169 0.596416 1.05769 0.642416 
2 557 1.01219 0.596916 1.05719 0.641916 
2 558 1.01269 0.597416 1.05669 0.641416 
2 559 1.01319 0.597916 1.05619 0.640916 
2 560 1.01369 0.598416 1.05569 0.640416 
2 561 1.01419 0.598916 1.05519 0.639916 
2 562 1.01469 0.599416 1.05469 0.639416 
2 563 1.01519 0.599916 1.05419 0.638916 
2 564 1.01569 0.600416 1.05369 0.638416 
2 565 1.01619 0.600916 1.05319 0.637916 
2 566 1.01669 0.601416 1.05269 0.637416 
2 567 1.01719 0.601916 1.05219 0.636916 
2 568 1.01769 0.602416 1.05169 0.636416 
2 569 1.01819 0.602916 1.05119 0.635916 
2 570 1.01869 0.603416 1.05069 0.635416 
2 571 1.01919 0.603916 1.05019 0.634916 
2 572 1.01969 0.604416 1.04969 0.634416 
2 573 1.02019 0.604916 1.04919 0.633916 
2 574 1.02069 0.605416 1.04869 0.633416 
2 575 1.02119 0.605916 1.04819 0.632916 
2 576 1.02169 0.606416 1.04769 0.632416 
2 577 1.02219 0.606916 1.04719 0.631916 
2 578 1.02269 0.607416 1.04669 0.631416 
2 579 1.02319 0.607916 1.04619 0.630916 
2 580 1.02369 0.608416 1.04569 0.630416 
2 581 1.02419 0.608916 1.04519 0.629916 
2 582 1.02469 0.609416 1.04469 0.629416 
2 583 1.02519 0.609916 1.04419 0.628916 
2 584 1.02569 0.610416 1.04369 0.628416 
2 585 1.02619 0.610916 1.04319 0.627916 
2 586 1.02669 0.611416 1.04269 0.627416 
2 587 1.02719 0.611916 1.04219 0.626916 
2 588 1.02769 0.612416 1.04169 0.626416 
2 589 1.02819 0.612916 1.04119 0.625916 
2 590 1.02869 0.613416 1.04069 0.625416 
2 591 1.02919 0.613916 1.04019 0.624916 
2 592 1.02969 0.614416 1.03969 0.624416 
2 593 1.03019 0.614916 1.03919 0.623916 
2 594 1.03069 0.615416 1.03869 0.623416 
2 595 1.03119 0.615916 1.03819 0.622916 
2 596 1.03169 0.616416 1.03769 0.622416 
2 597 1.03219 0.616916 1.03719 0.621916 
2 598 1.03269 0.617416 1.03669 0.621416 
2 599 1.03319 0.617916 1.03619 0.620916 
2 600 1.03369 0.618416 1.03569 0.620416 
2 601 1.03419 0.618916 1.03519 0.619916 
2 602 1.03469 0.619416 1.03469 0.619416 
2 603 0.0345721 0.5297 0.234572 0.7297 
2 604 0.0350721 0.5302 0.234072 0.7292 
2 605 0.0355721 0.5307 0.233572 0.7287 
2 606 0.0360721 0.5312 0.233072 0.7282 
2 607 0.0365721 0.5317 0.232572 0.7277 
2 608 0.0370721 0.5322 0.232072 0.7272 
2 609 0.0375721 0.5327 0.231572 0.7267 
2 610 0.0380721 0.5332 0.231072 0.7262 
2 611 0.0385721 0.5337 0.230572 0.7257 
2 612 0.0390721 0.5342 0.230072 0.7252 
2 613 0.0395721 0.5347 0.229572 0.7247 
2 614 0.0400721 0.5352 0.229072 0.7242 
2 615 0.0405721 0.5357 0.228572 0.7237 
2 616 0.0410721 0.5362 0.228072 0.7232 
2 617 0.0415721 0.5367 0.227572 0.7227 
2 618 0.0420721 0.5372 0.227072 0.7222 
2 619 0.0425721 0.5377 0.226572 0.7217 
2 620 0.0430721 0.5382 0.226072 0.7212 
2 621 0.0435721 0.5387 0.225572 0.7207 
2 622 0.0440721 0.5392 0.225072 0.7202 
2 623 0.0445721 0.5397 0.224572 0.7197 
2 624 0.0450721 0.5402 0.224072 0.7192 
2 625 0.0455721 0.5407 0.223572 0.7187 
2 626 0.0460721 0.5412 0.223072 0.7182 
2 627 0.0465721 0.5417 0.222572 0.7177 
2 628 0.0470721 0.5422 0.222072 0.7172 
2 629 0.0475721 0.5427 0.221572 0.7167 
2 630 0.0480721 0.5432 0.221072 0.7162 
2 631 0.0485721 0.5437 0.220572 0.7157 
2 632 0.0490721 0.5442 0.220072 0.7152 
2 633 0.0495721 0.5447 0.219572 0.7147 
2 634 0.0500721 0.5452 0.219072 0.7142 
2 635 0.0505721 0.5457 0.218572 0.7137 
2 636 0.0510721 0.5462 0.218072 0.7132 
2 637 0.0515721 0.5467 0.217572 0.7127 
2 638 0.0520721 0.5472 0.217072 0.7122 
2 639 0.0525721 0.5477 0.216572 0.7117 
2 640 0.0530721 0.5482 0.216072 0.7112 
2 641 0.0535721 0.5487 0.215572 0.7107 
2 642 0.0540721 0.5492 0.215072 0.7102 
2 643 0.0545721 0.5497 0.214572 0.7097 
2 644 0.0550721 0.5502 0.214072 0.7092 
2 645 0.0555721 0.5507 0.213572 0.7087 
2 646 0.0560721 0.5512 0.213072 0.7082 
2 647 0.0565721 0.5517 0.212572 0.7077 
2 648 0.0570721 0.5522 0.212072 0.7072 
2 649 0.0575721 0.5527 0.211572 0.7067 
2 650 0.0580721 0.5532 0.211072 0.7062 
2 651 0.0585721 0.5537 0.210572 0.7057 
2 652 0.0590721 0.5542 0.210072 0.7052 
2 653 0.0595721 0.5547 0.209572 0.7047 
2 654 0.0600721 0.5552 0.209072 0.7042 
2 655 0.0605721 0.5557 0.208572 0.7037 
2 656 0.0610721 0.5562 0.208072 0.7032 
2 657 0.0615721 0.5567 0.207572 0.7027 
2 658 0.0620721 0.5572 0.207072 0.7022 
2 659 0.0625721 0.5577 0.206572 0.7017 
2 660 0.0630721 0.5582 0.206072 0.7012 
2 661 0.0635721 0.5587 0.205572 0.7007 
2 662 0.0640721 0.5592 0.205072 0.7002 
2 663 0.0645721 0.5597 0.204572 0.6997 
2 664 0.0650721 0.5602 0.204072 0.6992 
2 665 0.0655721 0.5607 0.203572 0.6987 
2 666 0.0660721 0.5612 0.203072 0.6982 
2 667 0.0665721 0.5617 0.202572 0.6977 
2 668 0.0670721 0.5622 0.202072 0.6972 
2 669 0.0675721 0.5627 0.201572 0.6967 
2 670 0.0680721 0.5632 0.201072 0.6962 
2 671 0.0685721 0.5637 0.200572 0.6957 
2 672 0.0690721 0.5642 0.200072 0.6952 
2 673 0.0695721 0.5647 0.199572 0.6947 
2 674 0.0700721 0.5652 0.199072 0.6942 
2 675 0.0705721 0.5657 0.198572 0.6937 
2 676 0.0710721 0.5662 0.198072 0.6932 
2 677 0.0715721 0.5667 0.197572 0.6927 
2 678 0.0720721 0.5672 0.197072 0.6922 
2 679 0.0725721 0.5677 0.196572 0.6917 
2 680 0.0730721 0.5682 0.196072 0.6912 
2 681 0.0735721 0.5687 0.195572 0.6907 
2 682 0.0740721 0.5692 0.195072 0.6902 
2 683 0.0745721 0.5697 0.194572 0.6897 
2 684 0.0750721 0.5702 0.194072 0.6892 
2 685 0.0755721 0.5707 0.193572 0.6887 
2 686 0.0760721 0.5712 0.193072 0.6882 
2 687 0.0765721 0.5717 0.192572 0.6877 
2 688 0.0770721 0.5722 0.192072 0.6872 
2 689 0.0775721 0.5727 0.191572 0.6867 
2 690 0.0780721 0.5732 0.191072 0.6862 
2 691 0.0785721 0.5737 0.190572 0.6857 
2 692 0.0790721 0.5742 0.190072 0.6852 
2 693 0.0795721 0.5747 0.189572 0.6847 
2 694 0.0800721 0.5752 0.189072 0.6842 
2 695 0.0805721 0.5757 0.188572 0.6837 
2 696 0.0810721 0.5762 0.188072 0.6832 
2 697 0.0815721 0.5767 0.187572 0.6827 
2 698 0.0820721 0.5772 0.187072 0.6822 
2 699 0.0825721 0.5777 0.186572 0.6817 
2 700 0.0830721 0.5782 0.186072 0.6812 
2 701 0.0835721 0.5787 0.185572 0.6807 
2 702 0.0840721 0.5792 0.185072 0.6802 
2 703 0.0845721 0.5797 0.184572 0.6797 
2 704 0.0850721 0.5802 0.184072 0.6792 
2 705 0.0855721 0.5807 0.183572 0.6787 
2 706 0.0860721 0.5812 0.183072 0.6782 
2 707 0.0865721 0.5817 0.182572 0.6777 
2 708 0.0870721 0.5822 0.182072 0.6772 
2 709 0.0875721 0.5827 0.181572 0.6767 
2 710 0.0880721 0.5832 0.181072 0.6762 
2 711 0.0885721 0.5837 0.180572 0.6757 
2 712 0.0890721 0.5842 0.180072 0.6752 
2 713 0.0895721 0.5847 0.179572 0.6747 
2 714 0.0900721 0.5852 0.179072 0.6742 
2 715 0.0905721 0.5857 0.178572 0.6737 
2 716 0.0910721 0.5862 0.178072 0.6732 
2 717 0.0915721 0.5867 0.177572 0.6727 
2 718 0.0920721 0.5872 0.177072 0.6722 
2 719 0.0925721 0.5877 0.176572 0.6717 
2 720 0.0930721 0.5882 0.176072 0.6712 
2 721 0.0935721 0.5887 0.175572 0.6707 
2 722 0.0940721 0.5892 0.175072 0.6702 
2 723 0.0945721 0.5897 0.174572 0.6697 
2 724 0.0950721 0.5902 0.174072 0.6692 
2 725 0.0955721 0.5907 0.173572 0.6687 
2 726 0.0960721 0.5912 0.173072 0.6682 
2 727 0.0965721 0.5917 0.172572 0.6677 
2 728 0.0970721 0.5922 0.172072 0.6672 
2 729 0.0975721 0.5927 0.171572 0.6667 
2 730 0.0980721 0.5932 0.171072 0.6662 
2 731 0.0985721 0.5937 0.170572 0.6657 
2 732 0.0990721 0.5942 0.170072 0.6652 
2 733 0.0995721 0.5947 0.169572 0.6647 
2 734 0.100072 0.5952 0.169072 0.6642 
2 735 0.100572 0.5957 0.168572 0.6637 
2 736 0.101072 0.5962 0.168072 0.6632 
2 737 0.101572 0.5967 0.167572 0.6627 
2 738 0.102072 0.5972 0.167072 0.6622 
2 739 0.102572 0.5977 0.166572 0.6617 
2 740 0.103072 0.5982 0.166072 0.6612 
2 741 0.103572 0.5987 0.165572 0.6607 
2 742 0.104072 0.5992 0.165072 0.6602 
2 743 0.104572 0.5997 0.164572 0.6597 
2 744 0.105072 0.6002 0.164072 0.6592 
2 745 0.105572 0.6007 0.163572 0.6587 
2 746 0.106072 0.6012 0.163072 0.6582 
2 747 0.106572 0.6017 0.162572 0.6577 
2 748 0.107072 0.6022 0.162072 0.6572 
2 749 0.107572 0.6027 0.161572 0.6567 
2 750 0.108072 0.6032 0.161072 0.6562 
2 751 0.108572 0.6037 0.160572 0.6557 
2 752 0.109072 0.6042 0.160072 0.6552 
2 753 0.109572 0.6047 0.159572 0.6547 
2 754 0.110072 0.6052 0.159072 0.6542 
2 755 0.110572 0.6057 0.158572 0.6537 
2 756 0.111072 0.6062 0.158072 0.6532 
2 757 0.111572 0.6067 0.157572 0.6527 
2 758 0.112072 0.6072 0.157072 0.6522 
2 759 0.112572 0.6077 0.156572 0.6517 
2 760 0.113072 0.6082 0.156072 0.6512 
2 761 0.113572 0.6087 0.155572 0.6507 
2 762 0.114072 0.6092 0.155072 0.6502 
2 763 0.114572 0.6097 0.154572 0.6497 
2 764 0.115072 0.6102 0.154072 0.6492 
2 765 0.115572 0.6107 0.153572 0.6487 
2 766 0.116072 0.6112 0.153072 0.6482 
2 767 0.116572 0.6117 0.152572 0.6477 
2 768 0.117072 0.6122 0.152072 0.6472 
2 769 0.117572 0.6127 0.151572 0.6467 
2 770 0.118072 0.6132 0.151072 0.6462 
2 771 0.118572 0.6137 0.150572 0.6457 
2 772 0.119072 0.6142 0.150072 0.6452 
2 773 0.119572 0.6147 0.149572 0.6447 
2 774 0.120072 0.6152 0.149072 0.6442 
2 775 0.120572 0.6157 0.148572 0.6437 
2 776 0.121072 0.6162 0.148072 0.6432 
2 777 0.121572 0.6167 0.147572 0.6427 
2 778 0.122072 0.6172 0.147072 0.6422 
2 779 0.122572 0.6177 0.146572 0.6417 
2 780 0.123072 0.6182 0.146072 0.6412 
2 781 0.123572 0.6187 0.145572 0.6407 
2 782 0.124072 0.6192 0.145072 0.6402 
2 783 0.124572 0.6197 0.144572 0.6397 
2 784 0.125072 0.6202 0.144072 0.6392 
2 785 0.125572 0.6207 0.143572 0.6387 
2 786 0.126072 0.6212 0.143072 0.6382 
2 787 0.126572 0.6217 0.142572 0.6377 
2 788 0.127072 0.6222 0.142072 0.6372 
2 789 0.127572 0.6227 0.141572 0.6367 
2 790 0.128072 0.6232 0.141072 0.6362 
2 791 0.128572 0.6237 0.140572 0.6357 
2 792 0.129072 0.6242 0.140072 0.6352 
2 793 0.129572 0.6247 0.139572 0.6347 
2 794 0.130072 0.6252 0.139072 0.6342 
2 795 0.130572 0.6257 0.138572 0.6337 
2 796 0.131072 0.6262 0.138072 0.6332 
2 797 0.131572 0.6267 0.137572 0.6327 
2 798 0.132072 0.6272 0.137072 0.6322 
2 799 0.132572 0.6277 0.136572 0.6317 
2 800 0.133072 0.6282 0.136072 0.6312 
2 801 0.133572 0.6287 0.135572 0.6307 
2 802 0.134072 0.6292 0.135072 0.6302 
2 803 0.134572 0.6297 0.134572 0.6297 
2 804 0.00769819 0.0668422 0.207698 0.266842 
2 805 0.00819819 0.0673422 0.207198 0.266342 
2 806 0.00869819 0.0678422 0.206698 0.265842 
2 807 0.00919819 0.0683422 0.206198 0.265342 
2 808 0.00969819 0.0688422 0.205698 0.264842 
2 809 0.0101982 0.0693422 0.205198 0.264342 
2 810 0.0106982 0.0698422 0.204698 0.263842 
2 811 0.0111982 0.0703422 0.204198 0.263342 
2 812 0.0116982 0.0708422 0.203698 0.262842 
2 813 0.0121982 0.0713422 0.203198 0.262342 
2 814 0.0126982 0.0718422 0.202698 0.261842 
2 815 0.0131982 0.0723422 0.202198 0.261342 
2 816 0.0136982 0.0728422 0.201698 0.260842 
2 817 0.0141982 0.0733422 0.201198 0.260342 
2 818 0.0146982 0.0738422 0.200698 0.259842 
2 819 0.0151982 0.0743422 0.200198 0.259342 
2 820 0.0156982 0.0748422 0.199698 0.258842 
2 821 0.0161982 0.0753422 0.199198 0.258342 
2 822 0.0166982 0.0758422 0.198698 0.257842 
2 823 0.0171982 0.0763422 0.198198 0.257342 
2 824 0.0176982 0.0768422 0.197698 0.256842 
2 825 0.0181982 0.0773422 0.197198 0.256342 
2 826 0.0186982 0.0778422 0.196698 0.255842 
2 827 0.0191982 0.0783422 0.196198 0.255342 
2 828 0.0196982 0.0788422 0.195698 0.254842 
2 829 0.0201982 0.0793422 0.195198 0.254342 
2 830 0.0206982 0.0798422 0.194698 0.253842 
2 831 0.0211982 0.0803422 0.194198 0.253342 
2 832 0.0216982 0.0808422 0.193698 0.252842 
2 833 0.0221982 0.0813422 0.193198 0.252342 
2 834 0.0226982 0.0818422 0.192698 0.251842 
2 835 0.0231982 0.0823422 0.192198 0.251342 
2 836 0.0236982 0.0828422 0.191698 0.250842 
2 837 0.0241982 0.0833422 0.191198 0.250342 
2 838 0.0246982 0.0838422 0.190698 0.249842 
2 839 0.0251982 0.0843422 0.190198 0.249342 
2 840 0.0256982 0.0848422 0.189698 0.248842 
2 841 0.0261982 0.0853422 0.189198 0.248342 
2 842 0.0266982 0.0858422 0.188698 0.247842 
2 843 0.0271982 0.0863422 0.188198 0.247342 
2 844 0.0276982 0.0868422 0.187698 0.246842 
2 845 0.0281982 0.0873422 0.187198 0.246342 
2 846 0.0286982 0.0878422 0.186698 0.245842 
2 847 0.0291982 0.0883422 0.186198 0.245342 
2 848 0.0296982 0.0888422 0.185698 0.244842 
2 849 0.0301982 0.0893422 0.185198 0.244342 
2 850 0.0306982 0.0898422 0.184698 0.243842 
2 851 0.0311982 0.0903422 0.184198 0.243342 
2 852 0.0316982 0.0908422 0.183698 0.242842 
2 853 0.0321982 0.0913422 0.183198 0.242342 
2 854 0.0326982 0.0918422 0.182698 0.241842 
2 855 0.0331982 0.0923422 0.182198 0.241342 
2 856 0.0336982 0.0928422 0.181698 0.240842 
2 857 0.0341982 0.0933422 0.181198 0.240342 
2 858 0.0346982 0.0938422 0.180698 0.239842 
2 859 0.0351982 0.0943422 0.180198 0.239342 
2 860 0.0356982 0.0948422 0.179698 0.238842 
2 861 0.0361982 0.0953422 0.179198 0.238342 
2 862 0.0366982 0.0958422 0.178698 0.237842 
2 863 0.0371982 0.0963422 0.178198 0.237342 
2 864 0.0376982 0.0968422 0.177698 0.236842 
2 865 0.0381982 0.0973422 0.177198 0.236342 
2 866 0.0386982 0.0978422 0.176698 0.235842 
2 867 0.0391982 0.0983422 0.176198 0.235342 
2 868 0.0396982 0.0988422 0.175698 0.234842 
2 869 0.0401982 0.0993422 0.175198 0.234342 
2 870 0.0406982 0.0998422 0.174698 0.233842 
2 871 0.0411982 0.100342 0.174198 0.233342 
2 872 0.0416982 0.100842 0.173698 0.232842 
2 873 0.0421982 0.101342 0.173198 0.232342 
2 874 0.0426982 0.101842 0.172698 0.231842 
2 875 0.0431982 0.102342 0.172198 0.231342 
2 876 0.0436982 0.102842 0.171698 0.230842 
2 877 0.0441982 0.103342 0.171198 0.230342 
2 878 0.0446982 0.103842 0.170698 0.229842 
2 879 0.0451982 0.104342 0.170198 0.229342 
2 880 0.0456982 0.104842 0.169698 0.228842 
2 881 0.0461982 0.105342 0.169198 0.228342 
2 882 0.0466982 0.105842 0.168698 0.227842 
2 883 0.0471982 0.106342 0.168198 0.227342 
2 884 0.0476982 0.106842 0.167698 0.226842 
2 885 0.0481982 0.107342 0.167198 0.226342 
2 886 0.0486982 0.107842 0.166698 0.225842 
2 887 0.0491982 0.108342 0.166198 0.225342 
2 888 0.0496982 0.108842 0.165698 0.224842 
2 889 0.0501982 0.109342 0.165198 0.224342 
2 890 0.0506982 0.109842 0.164698 0.223842 
2 891 0.0511982 0.110342 0.164198 0.223342 
2 892 0.0516982 0.110842 0.163698 0.222842 
2 893 0.0521982 0.111342 0.163198 0.222342 
2 894 0.0526982 0.111842 0.162698 0.221842 
2 895 0.0531982 0.112342 0.162198 0.221342 
2 896 0.0536982 0.112842 0.161698 0.220842 
2 897 0.0541982 0.113342 0.161198 0.220342 
2 898 0.0546982 0.113842 0.160698 0.219842 
2 899 0.0551982 0.114342 0.160198 0.219342 
2 900 0.0556982 0.114842 0.159698 0.218842 
2 901 0.0561982 0.115342 0.159198 0.218342 
2 902 0.0566982 0.115842 0.158698 0.217842 
2 903 0.0571982 0.116342 0.158198 0.217342 
2 904 0.0576982 0.116842 0.157698 0.216842 
2 905 0.0581982 0.117342 0.157198 0.216342 
2 906 0.0586982 0.117842 0.156698 0.215842 
2 907 0.0591982 0.118342 0.156198 0.215342 
2 908 0.0596982 0.118842 0.155698 0.214842 
2 909 0.0601982 0.119342 0.155198 0.214342 
2 910 0.0606982 0.119842 0.154698 0.213842 
2 911 0.0611982 0.120342 0.154198 0.213342 
2 912 0.0616982 0.120842 0.153698 0.212842 
2 913 0.0621982 0.121342 0.153198 0.212342 
2 914 0.0626982 0.121842 0.152698 0.211842 
2 915 0.0631982 0.122342 0.152198 0.211342 
2 916 0.0636982 0.122842 0.151698 0.210842 
2 917 0.0641982 0.123342 0.151198 0.210342 
2 918 0.0646982 0.123842 0.150698 0.209842 
2 919 0.0651982 0.124342 0.150198 0.209342 
2 920 0.0656982 0.124842 0.149698 0.208842 
2 921 0.0661982 0.125342 0.149198 0.208342 
2 922 0.0666982 0.125842 0.148698 0.207842 
2 923 0.0671982 0.126342 0.148198 0.207342 
2 924 0.0676982 0.126842 0.147698 0.206842 
2 925 0.0681982 0.127342 0.147198 0.206342 
2 926 0.0686982 0.127842 0.146698 0.205842 
2 927 0.0691982 0.128342 0.146198 0.205342 
2 928 0.0696982 0.128842 0.145698 0.204842 
2 929 0.0701982 0.129342 0.145198 0.204342 
2 930 0.0706982 0.129842 0.144698 0.203842 
2 931 0.0711982 0.130342 0.144198 0.203342 
2 932 0.0716982 0.130842 0.143698 0.202842 
2 933 0.0721982 0.131342 0.143198 0.202342 
2 934 0.0726982 0.131842 0.142698 0.201842 
2 935 0.0731982 0.132342 0.142198 0.201342 
2 936 0.0736982 0.132842 0.141698 0.200842 
2 937 0.0741982 0.133342 0.141198 0.200342 
2 938 0.0746982 0.133842 0.140698 0.199842 
2 939 0.0751982 0.134342 0.140198 0.199342 
2 940 0.0756982 0.134842 0.139698 0.198842 
2 941 0.0761982 0.135342 0.139198 0.198342 
2 942 0.0766982 0.135842 0.138698 0.197842 
2 943 0.0771982 0.136342 0.138198 0.197342 
2 944 0.0776982 0.136842 0.137698 0.196842 
2 945 0.0781982 0.137342 0.137198 0.196342 
2 946 0.0786982 0.137842 0.136698 0.195842 
2 947 0.0791982 0.138342 0.136198 0.195342 
2 948 0.0796982 0.138842 0.135698 0.194842 
2 949 0.0801982 0.139342 0.135198 0.194342 
2 950 0.0806982 0.139842 0.134698 0.193842 
2 951 0.0811982 0.140342 0.134198 0.193342 
2 952 0.0816982 0.140842 0.133698 0.192842 
2 953 0.0821982 0.141342 0.133198 0.192342 
2 954 0.0826982 0.141842 0.132698 0.191842 
2 955 0.0831982 0.142342 0.132198 0.191342 
2 956 0.0836982 0.142842 0.131698 0.190842 
2 957 0.0841982 0.143342 0.131198 0.190342 
2 958 0.0846982 0.143842 0.130698 0.189842 
2 959 0.0851982 0.144342 0.130198 0.189342 
2 960 0.0856982 0.144842 0.129698 0.188842 
2 961 0.0861982 0.145342 0.129198 0.188342 
2 962 0.0866982 0.145842 0.128698 0.187842 
2 963 0.0871982 0.146342 0.128198 0.187342 
2 964 0.0876982 0.146842 0.127698 0.186842 
2 965 0.0881982 0.147342 0.127198 0.186342 
2 966 0.0886982 0.147842 0.126698 0.185842 
2 967 0.0891982 0.148342 0.126198 0.185342 
2 968 0.0896982 0.148842 0.125698 0.184842 
2 969 0.0901982 0.149342 0.125198 0.184342 
2 970 0.0906982 0.149842 0.124698 0.183842 
2 971 0.0911982 0.150342 0.124198 0.183342 
2 972 0.0916982 0.150842 0.123698 0.182842 
2 973 0.0921982 0.151342 0.123198 0.182342 
2 974 0.0926982 0.151842 0.122698 0.181842 
2 975 0.0931982 0.152342 0.122198 0.181342 
2 976 0.0936982 0.152842 0.121698 0.180842 
2 977 0.0941982 0.153342 0.121198 0.180342 
2 978 0.0946982 0.153842 0.120698 0.179842 
2 979 0.0951982 0.154342 0.120198 0.179342 
2 980 0.0956982 0.154842 0.119698 0.178842 
2 981 0.0961982 0.155342 0.119198 0.178342 
2 982 0.0966982 0.155842 0.118698 0.177842 
2 983 0.0971982 0.156342 0.118198 0.177342 
2 984 0.0976982 0.156842 0.117698 0.176842 
2 985 0.0981982 0.157342 0.117198 0.176342 
2 986 0.0986982 0.157842 0.116698 0.175842 
2 987 0.0991982 0.158342 0.116198 0.175342 
2 988 0.0996982 0.158842 0.115698 0.174842 
2 989 0.100198 0.159342 0.115198 0.174342 
2 990 0.100698 0.159842 0.114698 0.173842 
2 991 0.101198 0.160342 0.114198 0.173342 
2 992 0.101698 0.160842 0.113698 0.172842 
2 993 0.102198 0.161342 0.113198 0.172342 
2 994 0.102698 0.161842 0.112698 0.171842 
2 995 0.103198 0.162342 0.112198 0.171342 
2 996 0.103698 0.162842 0.111698 0.170842 
2 997 0.104198 0.163342 0.111198 0.170342 
2 998 0.104698 0.163842 0.110698 0.169842 
2 999 0.105198 0.164342 0.110198 0.169342 
2 1000 0.105698 0.164842 0.109698 0.168842 
2 1001 0.106198 0.165342 0.109198 0.168342 
2 1002 0.106698 0.165842 0.108698 0.167842 
2 1003 0.107198 0.166342 0.108198 0.167342 
2 1004 0.107698 0.166842 0.107698 0.166842 
